2.000000000000000000e+01 1.800000000000000000e+01 5.944399999999999684e-01 2.226298074686601467e+02 2.340278074686602849e+02 3.384140182949359893e-02 3.384140182949359893e-02
2.000000000000000000e+01 1.900000000000000000e+01 7.966299999999999493e-01 2.257418074686602267e+02 2.399458074686608597e+02 8.320188901655013736e-03 8.320188901655013736e-03
2.000000000000000000e+01 2.800000000000000000e+01 6.079400000000000359e-01 2.124678074686607943e+02 2.175358074686610053e+02 8.016603056510265279e-01 8.016603056510265279e-01
2.000000000000000000e+01 2.900000000000000000e+01 2.031900000000000095e-01 2.248678074686604305e+02 2.330298074686606924e+02 1.706619943432120257e-01 1.706619943432120257e-01
2.000000000000000000e+01 1.000000000000000000e+00 2.630600000000000160e-01 2.060898074686601831e+02 2.109578074686605760e+02 8.859716559810687508e-01 8.859716559810687508e-01
2.000000000000000000e+01 2.000000000000000000e+00 1.618630000000000013e+00 2.098578074686602122e+02 2.246418074686607724e+02 6.225694230480191722e-03 6.225694230480191722e-03
2.000000000000000000e+01 3.000000000000000000e+00 3.898099999999999898e-01 2.091378074686608670e+02 2.181738074686609252e+02 1.102427727732877977e-01 1.102427727732877977e-01
2.000000000000000000e+01 4.000000000000000000e+00 5.391899999999999471e-01 2.393798074686601467e+02 2.450398074686609107e+02 5.962648568858832654e-01 5.962648568858832654e-01
2.000000000000000000e+01 5.000000000000000000e+00 3.805600000000000094e-01 2.210178074686609762e+02 2.287698074686604741e+02 2.094918756929768366e-01 2.094918756929768366e-01
2.000000000000000000e+01 6.000000000000000000e+00 7.418799999999999839e-01 2.034218074686605178e+02 2.142038074686606706e+02 4.604802893641109229e-02 4.604802893641109229e-02
2.000000000000000000e+01 7.000000000000000000e+00 3.698799999999999866e-01 2.335398074686609107e+02 2.412458074686610416e+02 2.143660267035403799e-01 2.143660267035403799e-01
2.000000000000000000e+01 8.000000000000000000e+00 1.400000000000000029e-02 2.116218074686603359e+02 2.237278074686610125e+02 2.375243280433020007e-02 2.375243280433020007e-02
2.000000000000000000e+01 9.000000000000000000e+00 5.478100000000000191e-01 2.094198074686610198e+02 2.104898074686607288e+02 5.917592418541551602e+00 5.917592418541551602e+00
2.000000000000000000e+01 3.000000000000000000e+01 3.153799999999999937e-01 2.309778074686610125e+02 2.400558074686605323e+02 1.079518138063541438e-01 1.079518138063541438e-01
2.000000000000000000e+01 1.000000000000000000e+01 1.151690000000000103e+00 2.003058074686605323e+02 2.192018074686602631e+02 7.966697591943342014e-04 7.966697591943342014e-04
2.000000000000000000e+01 1.100000000000000000e+01 2.854999999999999760e-01 1.930978074686609034e+02 2.000518074686606269e+02 3.122127851703310752e-01 3.122127851703310752e-01
2.000000000000000000e+01 1.200000000000000000e+01 9.692499999999999449e-01 2.422898074686609107e+02 2.490238074686603795e+02 3.485162854025716794e-01 3.485162854025716794e-01
2.000000000000000000e+01 1.300000000000000000e+01 4.301300000000000123e-01 2.416018074686608088e+02 2.493158074686607506e+02 2.135102752406738413e-01 2.135102752406738413e-01
2.000000000000000000e+01 1.400000000000000000e+01 9.336299999999999599e-01 2.341438074686602704e+02 2.358858074686604596e+02 4.228848273090702214e+00 4.228848273090702214e+00
2.000000000000000000e+01 1.500000000000000000e+01 7.153800000000000159e-01 2.513458074686604959e+02 2.596518074686609907e+02 1.588062584770975338e-01 1.588062584770975338e-01
2.000000000000000000e+01 1.600000000000000000e+01 5.724399999999999489e-01 2.060838074686607797e+02 2.163878074686608670e+02 5.848000840123542682e-02 5.848000840123542682e-02
2.000000000000000000e+01 1.700000000000000000e+01 1.504399999999999904e-01 2.293278074686604668e+02 2.305638074686603431e+02 5.446262971185372948e+00 5.446262971185372948e+00
2.000000000000000000e+01 3.200000000000000000e+01 2.141299999999999870e-01 2.421958074686608597e+02 2.452878074686605032e+02 2.153145250019865120e+00 2.153145250019865120e+00
2.000000000000000000e+01 3.200000000000000000e+01 2.141299999999999870e-01 2.421958074686608597e+02 2.452878074686605032e+02 2.153145250019865120e+00 2.153145250019865120e+00
2.000000000000000000e+01 3.300000000000000000e+01 5.497499999999999609e-01 2.201618074686602995e+02 2.253278074686604668e+02 7.633258154692598163e-01 7.633258154692598163e-01
2.000000000000000000e+01 3.400000000000000000e+01 1.354309999999999903e+00 2.105698074686606560e+02 2.306778074686608306e+02 4.346061584391739774e-04 4.346061584391739774e-04
2.000000000000000000e+01 3.500000000000000000e+01 1.142500000000000043e-01 2.143158074686607506e+02 2.133498074686604014e+02 1.637784783715669334e+01 1.637784783715669334e+01
2.000000000000000000e+01 3.600000000000000000e+01 1.905629999999999935e+00 2.324658074686603868e+02 2.584018074686609907e+02 2.358097488748253360e-05 2.358097488748253360e-05
2.000000000000000000e+01 3.700000000000000000e+01 6.083800000000000319e-01 2.124578074686605760e+02 2.151918074686609543e+02 2.575206384229356438e+00 2.575206384229356438e+00
2.000000000000000000e+01 2.000000000000000000e+01 2.673099999999999921e-01 2.000558074686605323e+02 2.119318074686607360e+02 2.664722344089669875e-02 2.664722344089669875e-02
2.000000000000000000e+01 3.800000000000000000e+01 1.348130000000000051e+00 2.101018074686608088e+02 2.272238074686601976e+02 1.934182891691975685e-03 1.934182891691975685e-03
2.000000000000000000e+01 3.900000000000000000e+01 2.475600000000000023e-01 2.474678074686607943e+02 2.523778074686606487e+02 8.675602476079051772e-01 8.675602476079051772e-01
2.000000000000000000e+01 4.000000000000000000e+01 1.711310000000000109e+00 1.884318074686607360e+02 2.051578074686603941e+02 2.357696207745400580e-03 2.357696207745400580e-03
2.000000000000000000e+01 4.100000000000000000e+01 1.346299999999999997e-01 2.480878074686606851e+02 2.532638074686601612e+02 7.595187120821066395e-01 7.595187120821066395e-01
2.000000000000000000e+01 4.200000000000000000e+01 1.240879999999999983e+00 2.195138074686601612e+02 2.344238074686609252e+02 5.845574966892871406e-03 5.845574966892871406e-03
2.000000000000000000e+01 4.300000000000000000e+01 9.692499999999999449e-01 2.216598074686608015e+02 2.336838074686602340e+02 2.474652212903433179e-02 2.474652212903433179e-02
2.000000000000000000e+01 4.400000000000000000e+01 5.600600000000000023e-01 2.249378074686601394e+02 2.336818074686607360e+02 1.275725164133643952e-01 1.275725164133643952e-01
2.000000000000000000e+01 4.500000000000000000e+01 3.719999999999999973e-01 2.442078074686605760e+02 2.502498074686609471e+02 4.925938294428326980e-01 4.925938294428326980e-01
2.000000000000000000e+01 4.600000000000000000e+01 1.687880000000000047e+00 2.145238074686603795e+02 2.268278074686604668e+02 2.151359281034774182e-02 2.151359281034774182e-02
2.000000000000000000e+01 4.700000000000000000e+01 2.749400000000000177e-01 2.280718074686601540e+02 2.320098074686602558e+02 1.410479447273868203e+00 1.410479447273868203e+00
2.000000000000000000e+01 2.100000000000000000e+01 7.508799999999999919e-01 2.207058074686601685e+02 2.383958074686606778e+02 1.455988365626280845e-03 1.455988365626280845e-03
2.000000000000000000e+01 4.800000000000000000e+01 4.621299999999999852e-01 2.275098074686602558e+02 2.366858074686606415e+02 1.027896800230924529e-01 1.027896800230924529e-01
2.000000000000000000e+01 4.900000000000000000e+01 6.113800000000000345e-01 1.954478074686603577e+02 2.114958074686610416e+02 3.309128822412640315e-03 3.309128822412640315e-03
2.000000000000000000e+01 5.000000000000000000e+01 1.188190000000000079e+00 1.970158074686605687e+02 2.120078074686607579e+02 5.610753134519030037e-03 5.610753134519030037e-03
2.000000000000000000e+01 5.100000000000000000e+01 6.303800000000000514e-01 2.090998074686604014e+02 2.210218074686608816e+02 2.604133176550859838e-02 2.604133176550859838e-02
2.000000000000000000e+01 5.200000000000000000e+01 1.124060000000000059e+00 1.972358074686608234e+02 2.153898074686603650e+02 1.154520330103552374e-03 1.154520330103552374e-03
2.000000000000000000e+01 5.300000000000000000e+01 4.551299999999999790e-01 2.367118074686604814e+02 2.445018074686604450e+02 2.055491049874363374e-01 2.055491049874363374e-01
2.000000000000000000e+01 5.400000000000000000e+01 3.699999999999999956e-01 2.404378074686601394e+02 2.462638074686601612e+02 5.487730450821697303e-01 5.487730450821697303e-01
2.000000000000000000e+01 5.500000000000000000e+01 3.955600000000000227e-01 2.835798074686608743e+02 2.905238074686603795e+02 3.137777582686033240e-01 3.137777582686033240e-01
2.000000000000000000e+01 5.600000000000000000e+01 5.043800000000000505e-01 2.197538074686608525e+02 2.324278074686608306e+02 1.788003914573127462e-02 1.788003914573127462e-02
2.000000000000000000e+01 5.700000000000000000e+01 4.974399999999999933e-01 2.179478074686603577e+02 2.238298074686608743e+02 5.336205250518660792e-01 5.336205250518660792e-01
2.000000000000000000e+01 2.200000000000000000e+01 1.126379999999999937e+00 2.326698074686610198e+02 2.465278074686602849e+02 9.891590573080753443e-03 9.891590573080753443e-03
2.000000000000000000e+01 5.800000000000000000e+01 1.498559999999999892e+00 2.033398074686601831e+02 2.243958074686606778e+02 2.705454856389236801e-04 2.705454856389236801e-04
2.000000000000000000e+01 5.900000000000000000e+01 6.659399999999999764e-01 2.024118074686602995e+02 2.113538074686603068e+02 1.155478764856533030e-01 1.155478764856533030e-01
2.000000000000000000e+01 6.000000000000000000e+01 2.836899999999999977e-01 2.295418074686604086e+02 2.373718074686603359e+02 2.014789600080797161e-01 2.014789600080797161e-01
2.000000000000000000e+01 6.100000000000000000e+01 3.714999999999999969e-01 2.297878074686605032e+02 2.391238074686607433e+02 9.488683386917537432e-02 9.488683386917537432e-02
2.000000000000000000e+01 6.200000000000000000e+01 5.757499999999999840e-01 2.182238074686601976e+02 2.359798074686605105e+02 1.408724886056579107e-03 1.408724886056579107e-03
2.000000000000000000e+01 6.300000000000000000e+01 1.164879999999999916e+00 2.405378074686605032e+02 2.642918074686604086e+02 7.020645357567156764e-05 7.020645357567156764e-05
2.000000000000000000e+01 6.400000000000000000e+01 7.449400000000000466e-01 2.028718074686603359e+02 2.181258074686602413e+02 4.921852377321053740e-03 4.921852377321053740e-03
2.000000000000000000e+01 6.500000000000000000e+01 9.910600000000000520e-01 2.286358074686604596e+02 2.431158074686609325e+02 7.247705667310174252e-03 7.247705667310174252e-03
2.000000000000000000e+01 6.600000000000000000e+01 2.842500000000000027e-01 2.222918074686604086e+02 2.323278074686604668e+02 6.686562169873219719e-02 6.686562169873219719e-02
2.000000000000000000e+01 6.700000000000000000e+01 4.538099999999999912e-01 1.993218074686601540e+02 2.025018074686604450e+02 2.060460868020135283e+00 2.060460868020135283e+00
2.000000000000000000e+01 2.300000000000000000e+01 5.997500000000000053e-01 2.208058074686605323e+02 2.290358074686610053e+02 1.649570206567387010e-01 1.649570206567387010e-01
2.000000000000000000e+01 6.800000000000000000e+01 9.745000000000000329e-01 1.897838074686605978e+02 2.033278074686604668e+02 1.157311758500461155e-02 1.157311758500461155e-02
2.000000000000000000e+01 6.900000000000000000e+01 2.746899999999999897e-01 2.084078074686603941e+02 2.148318074686603723e+02 4.069478152249950687e-01 4.069478152249950687e-01
2.000000000000000000e+01 7.000000000000000000e+01 2.645000000000000129e-01 2.240438074686608161e+02 2.267758074686607870e+02 2.577782878646611486e+00 2.577782878646611486e+00
2.000000000000000000e+01 7.100000000000000000e+01 5.800600000000000200e-01 2.195698074686606560e+02 2.339258074686604232e+02 7.711285915692711775e-03 7.711285915692711775e-03
2.000000000000000000e+01 7.200000000000000000e+01 8.377499999999999947e-01 2.303678074686604305e+02 2.387498074686609471e+02 1.528848401304128690e-01 1.528848401304128690e-01
2.000000000000000000e+01 7.300000000000000000e+01 6.232499999999999707e-01 1.868878074686608670e+02 1.939778074686610125e+02 2.916880645300328201e-01 2.916880645300328201e-01
2.000000000000000000e+01 7.500000000000000000e+01 9.675000000000000266e-02 2.101238074686607433e+02 2.111938074686604523e+02 5.917592418541551602e+00 5.917592418541551602e+00
2.000000000000000000e+01 7.500000000000000000e+01 9.675000000000000266e-02 2.101238074686607433e+02 2.111938074686604523e+02 5.917592418541551602e+00 5.917592418541551602e+00
2.000000000000000000e+01 7.600000000000000000e+01 5.493799999999999795e-01 2.258438074686609980e+02 2.325118074686606633e+02 3.602091947121692783e-01 3.602091947121692783e-01
2.000000000000000000e+01 7.700000000000000000e+01 5.550000000000000488e-01 2.102198074686602922e+02 2.218338074686607797e+02 3.037697618403955788e-02 3.037697618403955788e-02
2.000000000000000000e+01 2.500000000000000000e+01 1.457629999999999981e+00 2.202438074686606342e+02 2.284058074686608961e+02 1.706619943432120257e-01 1.706619943432120257e-01
2.000000000000000000e+01 7.800000000000000000e+01 3.267499999999999849e-01 2.094758074686606051e+02 2.167418074686602267e+02 2.671165177038228311e-01 2.671165177038228311e-01
2.000000000000000000e+01 7.900000000000000000e+01 7.225000000000000311e-01 2.313458074686604959e+02 2.452158074686603868e+02 9.832418722705753636e-03 9.832418722705753636e-03
2.000000000000000000e+01 8.000000000000000000e+01 1.778099999999999958e-01 2.334878074686603213e+02 2.411578074686603941e+02 2.182595517853370415e-01 2.182595517853370415e-01
2.000000000000000000e+01 8.100000000000000000e+01 1.454999999999999905e-01 2.345738074686605614e+02 2.384558074686601685e+02 1.450530976541921868e+00 1.450530976541921868e+00
2.000000000000000000e+01 8.200000000000000000e+01 5.464999999999999858e-01 1.867278074686610125e+02 1.919418074686609543e+02 7.452240855320253488e-01 7.452240855320253488e-01
2.000000000000000000e+01 8.300000000000000000e+01 4.001299999999999857e-01 1.899678074686607943e+02 1.941818074686607360e+02 1.228666801254701735e+00 1.228666801254701735e+00
2.000000000000000000e+01 8.400000000000000000e+01 1.052499999999999991e+00 2.158498074686604014e+02 2.304578074686605760e+02 6.798384151065159711e-03 6.798384151065159711e-03
2.000000000000000000e+01 8.500000000000000000e+01 4.854999999999999871e-01 2.218538074686603068e+02 2.324958074686610416e+02 4.938688776491741844e-02 4.938688776491741844e-02
2.000000000000000000e+01 8.600000000000000000e+01 7.317500000000000115e-01 2.313578074686602122e+02 2.423018074686606269e+02 4.246520178861151046e-02 4.246520178861151046e-02
2.000000000000000000e+01 8.700000000000000000e+01 5.118099999999999872e-01 2.200598074686604377e+02 2.264698074686602922e+02 4.098064434576872972e-01 4.098064434576872972e-01
2.000000000000000000e+01 2.500000000000000000e+01 1.457629999999999981e+00 2.202438074686606342e+02 2.284058074686608961e+02 1.706619943432120257e-01 1.706619943432120257e-01
2.000000000000000000e+01 8.800000000000000000e+01 4.704999999999999738e-01 2.126558074686608961e+02 2.200458074686603140e+02 2.510582437690775381e-01 2.510582437690775381e-01
2.000000000000000000e+01 8.900000000000000000e+01 4.398099999999999787e-01 1.844158074686602049e+02 1.895158074686605687e+02 7.889358081949852108e-01 7.889358081949852108e-01
2.000000000000000000e+01 9.000000000000000000e+01 7.906000000000000527e-02 2.238638074686605250e+02 2.281458074686606778e+02 1.187594318786784120e+00 1.187594318786784120e+00
2.000000000000000000e+01 9.100000000000000000e+01 5.575599999999999445e-01 1.966858074686606415e+02 2.079898074686607288e+02 3.546991807560167381e-02 3.546991807560167381e-02
2.000000000000000000e+01 9.200000000000000000e+01 2.143799999999999872e-01 2.146018074686608088e+02 2.154878074686603213e+02 6.487840159101736504e+00 6.487840159101736504e+00
2.000000000000000000e+01 9.300000000000000000e+01 4.557499999999999885e-01 2.372698074686604741e+02 2.425618074686608452e+02 7.167197927332241703e-01 7.167197927332241703e-01
2.000000000000000000e+01 9.400000000000000000e+01 7.156900000000000484e-01 2.184118074686602995e+02 2.338918074686607724e+02 4.395955699796632102e-03 4.395955699796632102e-03
2.000000000000000000e+01 9.500000000000000000e+01 3.695599999999999996e-01 2.021058074686607142e+02 2.138498074686604014e+02 2.846527601786513761e-02 2.846527601786513761e-02
2.000000000000000000e+01 9.600000000000000000e+01 1.081899999999999945e-01 2.285618074686608452e+02 2.321598074686608015e+02 1.671848131541505467e+00 1.671848131541505467e+00
2.000000000000000000e+01 9.700000000000000000e+01 1.560689999999999911e+00 2.364478074686603577e+02 2.572878074686605032e+02 3.014005883005824648e-04 3.014005883005824648e-04
2.000000000000000000e+01 2.600000000000000000e+01 1.112190000000000012e+00 2.535638074686603431e+02 2.738318074686603723e+02 4.011920490955308400e-04 4.011920490955308400e-04
2.000000000000000000e+01 9.800000000000000000e+01 2.215600000000000069e-01 2.517778074686602849e+02 2.559958074686610416e+02 1.226211923347891641e+00 1.226211923347891641e+00
2.000000000000000000e+01 9.900000000000000000e+01 1.895000000000000018e-01 1.976098074686606196e+02 2.023658074686609325e+02 9.370015712219056381e-01 9.370015712219056381e-01
2.000000000000000000e+01 2.700000000000000000e+01 5.713799999999999990e-01 2.409878074686603213e+02 2.487878074686605032e+02 2.045239245493636615e-01 2.045239245493636615e-01
