1.700000000000000000e+01 5.900000000000000000e+01 5.588800000000000434e-01 2.103798074686601467e+02 3.523498074686604014e+02 1.179831842902517273e-34 1.179831842902517273e-34
1.700000000000000000e+01 6.000000000000000000e+01 2.685379999999999878e+00 2.369378074686601394e+02 3.694238074686609252e+02 1.352834114958004418e-32 1.352834114958004418e-32
1.700000000000000000e+01 6.900000000000000000e+01 1.021060000000000079e+00 2.194838074686604159e+02 3.635558074686605323e+02 4.124550381006223639e-35 4.124550381006223639e-35
1.700000000000000000e+01 3.100000000000000000e+01 2.171559999999999935e+00 2.097698074686604741e+02 3.956918074686609543e+02 3.371045225626667700e-44 3.371045225626667700e-44
1.700000000000000000e+01 3.200000000000000000e+01 3.237249999999999961e+00 2.478458074686604959e+02 3.888638074686605250e+02 1.899084489296764657e-34 1.899084489296764657e-34
1.700000000000000000e+01 3.300000000000000000e+01 2.750440000000000218e+00 2.272758074686607870e+02 3.185198074686604741e+02 1.221324467987526633e-23 1.221324467987526633e-23
1.700000000000000000e+01 3.400000000000000000e+01 7.513800000000000479e-01 2.180558074686605323e+02 3.854578074686605760e+02 3.542676377280696929e-40 3.542676377280696929e-40
1.700000000000000000e+01 3.500000000000000000e+01 2.563810000000000144e+00 2.153118074686608452e+02 2.829498074686607652e+02 1.632333252289905778e-18 1.632333252289905778e-18
1.700000000000000000e+01 3.600000000000000000e+01 3.564750000000000085e+00 2.433958074686606778e+02 3.978178074686602486e+02 2.332935162750549888e-37 2.332935162750549888e-37
1.700000000000000000e+01 3.700000000000000000e+01 2.874499999999999833e+00 2.166598074686608015e+02 3.513718074686603359e+02 4.445030938855675938e-33 4.445030938855675938e-33
1.700000000000000000e+01 3.800000000000000000e+01 5.636299999999999644e-01 2.169658074686603868e+02 3.865358074686610053e+02 1.198274350142445458e-40 1.198274350142445458e-40
1.700000000000000000e+01 3.900000000000000000e+01 3.028500000000000192e+00 2.530118074686606633e+02 3.807758074686607870e+02 1.434213540144469037e-31 1.434213540144469037e-31
1.700000000000000000e+01 4.000000000000000000e+01 3.896129999999999871e+00 1.964318074686607360e+02 3.609318074686607360e+02 1.511794547555319440e-39 1.511794547555319440e-39
1.700000000000000000e+01 7.000000000000000000e+01 3.085379999999999789e+00 2.366778074686608306e+02 3.353718074686603359e+02 2.944991955031458647e-25 2.944991955031458647e-25
1.700000000000000000e+01 4.100000000000000000e+01 9.426900000000000279e-01 2.528478074686609034e+02 4.043118074686608452e+02 1.023821411214063064e-36 1.023821411214063064e-36
1.700000000000000000e+01 4.200000000000000000e+01 3.353060000000000151e+00 2.232458074686610416e+02 3.953198074686606560e+02 3.426254127371478684e-41 3.426254127371478684e-41
1.700000000000000000e+01 4.300000000000000000e+01 3.435599999999999765e-01 2.359938074686606342e+02 3.717638074686601612e+02 2.618984976905310663e-33 2.618984976905310663e-33
1.700000000000000000e+01 4.400000000000000000e+01 3.748099999999999765e-01 2.321978074686603577e+02 3.805038074686608525e+02 4.965639586807237460e-36 4.965639586807237460e-36
1.700000000000000000e+01 4.500000000000000000e+01 7.582499999999999796e-01 2.444978074686605396e+02 3.583618074686610271e+02 1.496099464553940957e-28 1.496099464553940957e-28
1.700000000000000000e+01 4.600000000000000000e+01 3.417689999999999895e+00 2.191698074686610198e+02 3.766198074686608379e+02 5.133112982197536614e-38 5.133112982197536614e-38
1.700000000000000000e+01 4.700000000000000000e+01 2.604400000000000048e-01 2.424878074686603213e+02 3.505638074686603431e+02 2.702767562955932078e-27 2.702767562955932078e-27
1.700000000000000000e+01 4.800000000000000000e+01 2.624400000000000066e-01 2.403358074686602777e+02 3.811258074686602413e+02 2.128402976713955175e-34 2.128402976713955175e-34
1.700000000000000000e+01 4.900000000000000000e+01 2.911249999999999893e+00 2.059898074686607288e+02 3.699078074686603941e+02 2.022425203928612118e-39 2.022425203928612118e-39
1.700000000000000000e+01 5.000000000000000000e+01 3.803879999999999928e+00 2.025818074686603723e+02 3.585578074686609398e+02 1.072644614355232916e-37 1.072644614355232916e-37
1.700000000000000000e+01 7.100000000000000000e+01 2.859309999999999796e+00 2.261598074686608015e+02 3.832078074686605760e+02 6.275871088602758053e-38 6.275871088602758053e-38
1.700000000000000000e+01 5.100000000000000000e+01 1.171299999999999980e-01 2.201678074686606124e+02 3.462218074686606997e+02 3.372372974569399830e-31 3.372372974569399830e-31
1.700000000000000000e+01 5.200000000000000000e+01 1.721900000000000097e-01 1.975198074686604741e+02 3.399518074686602631e+02 9.364790969970385861e-35 9.364790969970385861e-35
1.700000000000000000e+01 5.300000000000000000e+01 2.692000000000000171e+00 2.362558074686603504e+02 3.703558074686607142e+02 6.036273367021471580e-33 6.036273367021471580e-33
1.700000000000000000e+01 5.400000000000000000e+01 1.229000000000000092e+00 2.528698074686608379e+02 3.824798074686605105e+02 5.698492899709651759e-32 5.698492899709651759e-32
1.700000000000000000e+01 5.500000000000000000e+01 3.096249999999999947e+00 2.968378074686606851e+02 4.311778074686608306e+02 5.353694210823414878e-33 5.353694210823414878e-33
1.700000000000000000e+01 5.600000000000000000e+01 2.363000000000000170e-02 2.297018074686602631e+02 3.947238074686601976e+02 1.164506494360012004e-39 1.164506494360012004e-39
1.700000000000000000e+01 5.700000000000000000e+01 7.005000000000000115e-01 2.282158074686603868e+02 3.674478074686603577e+02 4.638411332194168048e-34 4.638411332194168048e-34
1.700000000000000000e+01 5.800000000000000000e+01 7.169400000000000217e-01 2.079738074686601976e+02 3.864198074686610198e+02 1.416306839359917175e-42 1.416306839359917175e-42
1.700000000000000000e+01 7.300000000000000000e+01 1.007749999999999924e+00 1.966198074686608379e+02 3.378958074686606778e+02 1.669245824463443706e-34 1.669245824463443706e-34
1.700000000000000000e+01 7.300000000000000000e+01 1.007749999999999924e+00 1.966198074686608379e+02 3.378958074686606778e+02 1.669245824463443706e-34 1.669245824463443706e-34
1.700000000000000000e+01 7.400000000000000000e+01 8.941299999999999804e-01 2.675558074686605323e+02 4.228258074686609689e+02 1.526728485448228590e-37 1.526728485448228590e-37
1.700000000000000000e+01 7.500000000000000000e+01 7.864999999999999769e-01 2.178718074686603359e+02 3.378378074686606851e+02 7.078284317704268002e-30 7.078284317704268002e-30
1.700000000000000000e+01 7.600000000000000000e+01 3.650059999999999860e+00 2.378818074686605542e+02 3.610498074686602195e+02 1.427652590466392428e-30 1.427652590466392428e-30
1.700000000000000000e+01 7.700000000000000000e+01 5.508100000000000218e-01 2.183138074686603431e+02 3.881058074686607142e+02 1.072382147790360370e-40 1.072382147790360370e-40
1.700000000000000000e+01 7.800000000000000000e+01 2.673309999999999853e+00 2.200378074686605032e+02 3.486418074686607724e+02 9.423454454875491201e-32 9.423454454875491201e-32
1.700000000000000000e+01 6.100000000000000000e+01 1.843799999999999883e-01 2.407898074686609107e+02 3.745458074686603140e+02 7.169148073234311390e-33 7.169148073234311390e-33
1.700000000000000000e+01 7.900000000000000000e+01 1.160599999999999965e-01 2.417558074686603504e+02 3.842758074686607870e+02 8.961673779618110039e-35 8.961673779618110039e-35
1.700000000000000000e+01 8.000000000000000000e+01 7.600000000000000089e-01 2.422018074686602631e+02 3.789638074686608888e+02 1.594861389480644634e-33 1.594861389480644634e-33
1.700000000000000000e+01 8.100000000000000000e+01 1.769560000000000022e+00 2.402718074686608816e+02 3.415878074686606851e+02 7.938236746401044023e-26 7.938236746401044023e-26
1.700000000000000000e+01 8.200000000000000000e+01 1.387129999999999974e+00 1.955838074686607797e+02 3.255498074686602195e+02 4.769310457717088176e-32 4.769310457717088176e-32
1.700000000000000000e+01 8.300000000000000000e+01 2.252499999999999947e+00 2.048758074686602413e+02 3.148278074686604668e+02 1.057889908040673679e-27 1.057889908040673679e-27
1.700000000000000000e+01 8.400000000000000000e+01 3.983000000000000096e+00 2.171178074686604305e+02 3.866498074686605833e+02 1.221259227674415200e-40 1.221259227674415200e-40
1.700000000000000000e+01 8.500000000000000000e+01 9.900600000000000511e-01 2.286418074686607724e+02 3.418758074686602413e+02 2.050044221423858856e-28 2.050044221423858856e-28
1.700000000000000000e+01 8.600000000000000000e+01 2.496999999999999886e+00 2.399158074686602049e+02 3.772418074686602267e+02 1.202961976563490925e-33 1.202961976563490925e-33
1.700000000000000000e+01 8.700000000000000000e+01 1.153189999999999937e+00 2.229698074686602922e+02 3.681578074686603941e+02 2.360697238159720960e-35 2.360697238159720960e-35
1.700000000000000000e+01 8.800000000000000000e+01 1.646299999999999986e-01 2.210458074686603140e+02 3.465338074686605978e+02 4.475493582123291206e-31 4.475493582123291206e-31
1.700000000000000000e+01 6.200000000000000000e+01 3.352559999999999985e+00 2.256978074686603577e+02 3.692238074686601976e+02 5.419247755396797909e-35 5.419247755396797909e-35
1.700000000000000000e+01 8.900000000000000000e+01 2.748250000000000082e+00 1.907978074686607215e+02 3.302798074686606924e+02 4.093383633574640266e-34 4.093383633574640266e-34
1.700000000000000000e+01 9.000000000000000000e+01 2.581189999999999873e+00 2.325138074686601612e+02 3.489558074686601685e+02 4.122445096441008748e-29 4.122445096441008748e-29
1.700000000000000000e+01 9.100000000000000000e+01 7.507500000000000284e-01 2.062318074686609179e+02 3.462078074686605760e+02 3.197508530420980275e-34 3.197508530420980275e-34
1.700000000000000000e+01 9.200000000000000000e+01 8.722499999999999698e-01 2.206118074686610271e+02 3.099938074686606342e+02 3.098555079281792834e-23 3.098555079281792834e-23
1.700000000000000000e+01 9.300000000000000000e+01 3.970880000000000187e+00 2.427478074686605396e+02 3.893438074686609980e+02 1.167607770758729123e-35 1.167607770758729123e-35
1.700000000000000000e+01 9.400000000000000000e+01 6.778800000000000381e-01 2.280518074686606269e+02 3.814258074686604232e+02 3.939789128885691902e-37 3.939789128885691902e-37
1.700000000000000000e+01 9.500000000000000000e+01 2.973129999999999828e+00 2.084298074686603286e+02 3.671438074686602704e+02 2.728391644248840342e-38 2.728391644248840342e-38
1.700000000000000000e+01 9.600000000000000000e+01 2.419130000000000003e+00 2.368898074686603650e+02 3.730178074686609762e+02 2.189748789621551916e-33 2.189748789621551916e-33
1.700000000000000000e+01 9.700000000000000000e+01 3.510689999999999866e+00 2.479698074686602922e+02 4.259738074686601976e+02 1.766592705602569716e-42 1.766592705602569716e-42
1.700000000000000000e+01 9.800000000000000000e+01 1.305630000000000068e+00 2.542738074686603795e+02 3.704138074686607069e+02 4.794389870285912711e-29 4.794389870285912711e-29
1.700000000000000000e+01 6.300000000000000000e+01 3.367879999999999985e+00 2.476078074686602122e+02 4.188458074686604959e+02 5.204208229818802003e-41 5.204208229818802003e-41
1.700000000000000000e+01 9.900000000000000000e+01 1.997810000000000086e+00 2.101858074686606415e+02 2.993698074686608379e+02 3.421010240361018548e-23 3.421010240361018548e-23
1.700000000000000000e+01 6.400000000000000000e+01 9.749999999999999986e-03 2.131598074686608015e+02 3.471158074686609325e+02 6.486913432100449584e-33 6.486913432100449584e-33
1.700000000000000000e+01 6.600000000000000000e+01 1.305000000000000049e-01 2.326278074686606487e+02 3.763578074686602122e+02 4.893740870939214129e-35 4.893740870939214129e-35
1.700000000000000000e+01 6.600000000000000000e+01 1.305000000000000049e-01 2.326278074686606487e+02 3.763578074686602122e+02 4.893740870939214129e-35 4.893740870939214129e-35
1.700000000000000000e+01 1.000000000000000000e+00 9.716900000000000537e-01 2.149318074686607360e+02 3.471418074686607724e+02 1.553020487549178564e-32 1.553020487549178564e-32
1.700000000000000000e+01 2.000000000000000000e+00 6.531299999999999883e-01 2.198778074686606487e+02 3.788178074686602486e+02 2.436864798116289410e-38 2.436864798116289410e-38
1.700000000000000000e+01 3.000000000000000000e+00 2.907810000000000006e+00 2.223758074686602413e+02 3.699418074686609543e+02 7.188928313762540175e-36 7.188928313762540175e-36
1.700000000000000000e+01 4.000000000000000000e+00 2.530190000000000161e+00 2.460918074686605905e+02 3.347498074686609471e+02 4.450141526468717161e-23 4.450141526468717161e-23
1.700000000000000000e+01 5.000000000000000000e+00 3.053189999999999849e+00 2.287778074686602849e+02 3.731858074686606415e+02 3.486704480933262675e-35 3.486704480933262675e-35
1.700000000000000000e+01 6.000000000000000000e+00 8.744399999999999951e-01 2.108078074686609398e+02 3.606038074686603068e+02 2.357359432998179038e-36 2.357359432998179038e-36
1.700000000000000000e+01 7.000000000000000000e+00 2.955940000000000012e+00 2.413518074686608088e+02 3.649118074686602995e+02 1.173547896233483464e-30 1.173547896233483464e-30
1.700000000000000000e+01 8.000000000000000000e+00 1.048059999999999992e+00 2.180358074686610053e+02 3.524278074686608306e+02 5.216292128641309016e-33 5.216292128641309016e-33
1.700000000000000000e+01 9.000000000000000000e+00 8.974400000000000155e-01 2.114418074686609543e+02 3.319058074686608961e+02 5.518088700006359343e-30 5.518088700006359343e-30
1.700000000000000000e+01 1.000000000000000000e+01 3.606440000000000090e+00 2.082178074686607943e+02 3.622458074686610416e+02 2.840917891791789626e-37 2.840917891791789626e-37
1.700000000000000000e+01 6.700000000000000000e+01 1.284999999999999920e+00 2.102798074686606924e+02 3.141818074686607360e+02 2.178618975011834972e-26 2.178618975011834972e-26
1.700000000000000000e+01 1.100000000000000000e+01 1.404400000000000093e-01 2.085458074686603140e+02 3.336038074686603068e+02 5.548993962591626235e-31 5.548993962591626235e-31
1.700000000000000000e+01 1.200000000000000000e+01 4.963099999999999734e-01 2.413098074686604377e+02 3.762718074686608816e+02 3.922726035431046532e-33 3.922726035431046532e-33
1.700000000000000000e+01 1.300000000000000000e+01 3.343800000000000106e-01 2.528678074686604305e+02 3.921458074686606778e+02 4.532945379261561269e-34 4.532945379261561269e-34
1.700000000000000000e+01 1.400000000000000000e+01 1.029560000000000031e+00 2.455958074686604959e+02 3.274678074686607943e+02 1.324143338530859881e-21 1.324143338530859881e-21
1.700000000000000000e+01 1.500000000000000000e+01 1.137500000000000039e-01 2.582978074686607215e+02 3.973078074686609398e+02 5.182937198489124721e-34 5.182937198489124721e-34
1.700000000000000000e+01 1.600000000000000000e+01 5.667499999999999760e-01 2.139298074686603286e+02 3.677158074686603868e+02 3.206330706666631163e-37 3.206330706666631163e-37
1.700000000000000000e+01 1.700000000000000000e+01 8.464399999999999702e-01 2.418638074686605250e+02 3.527838074686605978e+02 6.519915164952951100e-28 6.519915164952951100e-28
1.700000000000000000e+01 1.800000000000000000e+01 8.611900000000000110e-01 2.334098074686608015e+02 3.816998074686607652e+02 5.005524028553207118e-36 5.005524028553207118e-36
1.700000000000000000e+01 2.000000000000000000e+01 2.779560000000000031e+00 2.135838074686607797e+02 3.669478074686603577e+02 3.959537404076305630e-37 3.959537404076305630e-37
1.700000000000000000e+01 2.000000000000000000e+01 2.779560000000000031e+00 2.135838074686607797e+02 3.669478074686603577e+02 3.959537404076305630e-37 3.959537404076305630e-37
1.700000000000000000e+01 6.800000000000000000e+01 3.426060000000000105e+00 2.027398074686607288e+02 3.505378074686605032e+02 6.401562545470226005e-36 6.401562545470226005e-36
1.700000000000000000e+01 2.100000000000000000e+01 9.923800000000000399e-01 2.245378074686605032e+02 3.856578074686603941e+02 8.193141380599062731e-39 8.193141380599062731e-39
1.700000000000000000e+01 2.200000000000000000e+01 3.069879999999999942e+00 2.476358074686604596e+02 3.812938074686608161e+02 7.529185203975748023e-33 7.529185203975748023e-33
1.700000000000000000e+01 2.300000000000000000e+01 1.088800000000000046e-01 2.302278074686610125e+02 3.491158074686609325e+02 1.213424414838526041e-29 1.213424414838526041e-29
1.700000000000000000e+01 2.400000000000000000e+01 3.557310000000000194e+00 2.432118074686604814e+02 3.511418074686607724e+02 2.907449601653837970e-27 2.907449601653837970e-27
1.700000000000000000e+01 2.500000000000000000e+01 4.318999999999999923e-02 2.321858074686606415e+02 3.563318074686603723e+02 8.754927137587189512e-31 8.754927137587189512e-31
1.700000000000000000e+01 2.600000000000000000e+01 4.865599999999999925e-01 2.633038074686610344e+02 4.210998074686604014e+02 4.317654410574580564e-38 4.317654410574580564e-38
1.700000000000000000e+01 2.700000000000000000e+01 3.125690000000000079e+00 2.503758074686602413e+02 3.609778074686610125e+02 7.643543957010745390e-28 7.643543957010745390e-28
1.700000000000000000e+01 2.800000000000000000e+01 2.965129999999999821e+00 2.191998074686607652e+02 3.341098074686606196e+02 8.867974864432027906e-29 8.867974864432027906e-29
1.700000000000000000e+01 2.900000000000000000e+01 3.010250000000000092e+00 2.304178074686606124e+02 3.726538074686604887e+02 1.032901593019708912e-34 1.032901593019708912e-34
1.700000000000000000e+01 3.000000000000000000e+01 3.606300000000000061e-01 2.404698074686602922e+02 3.717738074686603795e+02 2.442938789066831833e-32 2.442938789066831833e-32
