3.000000000000000000e+00 1.000000000000000000e+00 2.773800000000000154e-01 2.080558074686605323e+02 2.119338074686602340e+02 8.668789142176359652e-01 8.668789142176359652e-01
3.000000000000000000e+00 2.000000000000000000e+00 3.762499999999999734e-01 2.090038074686608525e+02 2.110898074686601831e+02 2.123666396812913248e+00 2.123666396812913248e+00
3.000000000000000000e+00 1.100000000000000000e+01 6.937999999999999723e-02 1.944258074686604232e+02 1.946218074686603359e+02 5.463797317377138363e+00 5.463797317377138363e+00
3.000000000000000000e+00 1.200000000000000000e+01 1.941900000000000015e-01 2.391918074686609543e+02 2.380198074686604741e+02 1.082809372372266665e+01 1.082809372372266665e+01
3.000000000000000000e+00 1.300000000000000000e+01 3.406000000000000000e-02 2.410898074686601831e+02 2.435098074686602558e+02 1.797045679592267353e+00 1.797045679592267353e+00
3.000000000000000000e+00 1.400000000000000000e+01 3.147499999999999742e-01 2.288098074686604377e+02 2.337118074686604814e+02 5.195168818626543228e-01 5.195168818626543228e-01
3.000000000000000000e+00 1.500000000000000000e+01 6.502499999999999947e-01 2.511758074686604232e+02 2.550898074686601831e+02 8.514146893176114395e-01 8.514146893176114395e-01
3.000000000000000000e+00 1.600000000000000000e+01 1.656900000000000039e-01 2.061518074686609907e+02 2.133698074686608379e+02 1.631874118655609884e-01 1.631874118655609884e-01
3.000000000000000000e+00 1.700000000000000000e+01 4.351300000000000168e-01 2.275018074686604450e+02 2.386558074686608961e+02 2.280316418506574822e-02 2.280316418506574822e-02
3.000000000000000000e+00 1.800000000000000000e+01 2.340599999999999903e-01 2.238598074686606196e+02 2.318618074686610271e+02 1.102664055441157503e-01 1.102664055441157503e-01
3.000000000000000000e+00 1.900000000000000000e+01 3.262999999999999928e-02 2.238338074686607797e+02 2.262958074686603140e+02 1.759701209654834786e+00 1.759701209654834786e+00
3.000000000000000000e+00 2.000000000000000000e+01 1.884399999999999964e-01 2.002518074686604450e+02 2.066478074686601758e+02 2.461397111879232713e-01 2.461397111879232713e-01
3.000000000000000000e+00 3.000000000000000000e+00 4.825599999999999890e-01 2.115138074686601612e+02 2.131758074686604232e+02 2.625165725031346486e+00 2.625165725031346486e+00
3.000000000000000000e+00 2.100000000000000000e+01 2.306900000000000062e-01 2.177158074686603868e+02 2.218378074686606851e+02 7.673164566088404026e-01 7.673164566088404026e-01
3.000000000000000000e+00 2.200000000000000000e+01 3.386899999999999911e-01 2.357378074686603213e+02 2.353318074686603723e+02 7.382733975509828461e+00 7.382733975509828461e+00
3.000000000000000000e+00 2.300000000000000000e+01 2.265600000000000114e-01 2.214978074686605396e+02 2.211218074686603359e+02 7.272819386188842827e+00 7.272819386188842827e+00
3.000000000000000000e+00 2.400000000000000000e+01 1.184999999999999942e-01 2.375258074686607870e+02 2.357318074686609179e+02 1.477806560012570536e+01 1.477806560012570536e+01
3.000000000000000000e+00 2.500000000000000000e+01 1.467499999999999916e-01 2.221998074686607652e+02 2.267118074686604814e+02 6.313745741946746870e-01 6.313745741946746870e-01
3.000000000000000000e+00 2.600000000000000000e+01 7.219000000000000417e-02 2.522818074686601904e+02 2.538498074686604014e+02 2.751493973886975475e+00 2.751493973886975475e+00
3.000000000000000000e+00 2.700000000000000000e+01 2.375599999999999934e-01 2.407038074686606706e+02 2.415498074686602195e+02 3.947743016561874985e+00 3.947743016561874985e+00
3.000000000000000000e+00 2.800000000000000000e+01 1.473099999999999965e-01 2.123238074686605614e+02 2.127138074686608888e+02 4.958702071679456758e+00 4.958702071679456758e+00
3.000000000000000000e+00 2.900000000000000000e+01 1.758800000000000086e-01 2.241918074686609543e+02 2.276778074686608306e+02 1.054581522812660932e+00 1.054581522812660932e+00
3.000000000000000000e+00 3.000000000000000000e+01 1.297500000000000042e-01 2.345978074686609034e+02 2.347618074686606633e+02 5.551921185432203032e+00 5.551921185432203032e+00
3.000000000000000000e+00 4.000000000000000000e+00 5.612999999999999934e-02 2.380578074686609398e+02 2.383118074686608452e+02 5.307622672608638403e+00 5.307622672608638403e+00
3.000000000000000000e+00 3.100000000000000000e+01 6.575000000000000289e-02 2.001938074686604523e+02 2.138718074686603359e+02 6.455285847153735025e-03 6.455285847153735025e-03
3.000000000000000000e+00 3.200000000000000000e+01 4.561899999999999844e-01 2.411838074686602340e+02 2.482338074686604159e+02 1.774873442508357047e-01 1.774873442508357047e-01
3.000000000000000000e+00 3.300000000000000000e+01 3.486299999999999955e-01 2.203938074686602704e+02 2.201698074686610198e+02 6.740566874495866223e+00 6.740566874495866223e+00
3.000000000000000000e+00 3.400000000000000000e+01 3.885600000000000165e-01 2.092018074686602631e+02 2.122478074686605396e+02 1.314089496083998831e+00 1.314089496083998831e+00
3.000000000000000000e+00 3.500000000000000000e+01 7.288000000000000034e-02 2.157998074686602195e+02 2.197818074686601904e+02 8.229531773241121062e-01 8.229531773241121062e-01
3.000000000000000000e+00 3.600000000000000000e+01 6.936900000000000288e-01 2.369698074686602922e+02 2.474538074686606706e+02 3.187746412516313105e-02 3.187746412516313105e-02
3.000000000000000000e+00 3.700000000000000000e+01 1.967500000000000082e-01 2.101718074686605178e+02 2.115198074686604741e+02 3.071432384050156283e+00 3.071432384050156283e+00
3.000000000000000000e+00 3.800000000000000000e+01 2.258799999999999975e-01 2.113258074686609689e+02 2.163898074686603650e+02 4.790951910528686297e-01 4.790951910528686297e-01
3.000000000000000000e+00 3.900000000000000000e+01 9.525000000000000133e-02 2.479678074686607943e+02 2.480138074686601612e+02 5.889340532048390919e+00 5.889340532048390919e+00
3.000000000000000000e+00 4.000000000000000000e+01 5.013800000000000479e-01 1.900078074686607579e+02 1.979658074686603868e+02 1.127191477034128753e-01 1.127191477034128753e-01
3.000000000000000000e+00 5.000000000000000000e+00 6.369999999999999794e-03 2.220498074686602195e+02 2.252058074686601685e+02 1.243766191125386333e+00 1.243766191125386333e+00
3.000000000000000000e+00 4.100000000000000000e+01 2.895599999999999841e-01 2.502698074686604741e+02 2.519298074686603286e+02 2.627792203777412627e+00 2.627792203777412627e+00
3.000000000000000000e+00 4.200000000000000000e+01 1.166299999999999976e-01 2.200358074686610053e+02 2.235658074686607506e+02 1.031634076756988039e+00 1.031634076756988039e+00
3.000000000000000000e+00 4.300000000000000000e+01 5.906000000000000139e-02 2.247498074686609471e+02 2.242598074686602558e+02 7.699412501147730126e+00 7.699412501147730126e+00
3.000000000000000000e+00 4.400000000000000000e+01 4.143800000000000261e-01 2.240978074686609034e+02 2.263398074686601831e+02 1.964315870897890726e+00 1.964315870897890726e+00
3.000000000000000000e+00 4.500000000000000000e+01 2.614400000000000057e-01 2.444458074686608597e+02 2.438538074686603068e+02 8.102268039788087961e+00 8.102268039788087961e+00
3.000000000000000000e+00 4.600000000000000000e+01 2.563099999999999823e-01 2.157178074686607943e+02 2.189758074686606051e+02 1.181924482555894329e+00 1.181924482555894329e+00
3.000000000000000000e+00 4.700000000000000000e+01 2.124999999999999944e-01 2.298118074686608452e+02 2.313558074686607142e+02 2.784710803953487801e+00 2.784710803953487801e+00
3.000000000000000000e+00 4.800000000000000000e+01 3.950000000000000039e-02 2.289878074686603213e+02 2.306318074686605542e+02 2.648898855445114719e+00 2.648898855445114719e+00
3.000000000000000000e+00 4.900000000000000000e+01 1.944400000000000017e-01 2.002818074686601904e+02 2.066278074686606487e+02 2.523707676424018498e-01 2.523707676424018498e-01
3.000000000000000000e+00 5.000000000000000000e+01 3.718799999999999883e-01 1.962518074686604450e+02 2.040498074686602195e+02 1.221071949864417916e-01 1.221071949864417916e-01
3.000000000000000000e+00 6.000000000000000000e+00 4.893100000000000227e-01 2.023178074686602486e+02 2.061958074686608597e+02 8.668789142172418360e-01 8.668789142172418360e-01
3.000000000000000000e+00 5.100000000000000000e+01 4.278100000000000236e-01 2.149778074686610125e+02 2.147738074686603795e+02 6.673497113474394560e+00 6.673497113474394560e+00
3.000000000000000000e+00 5.200000000000000000e+01 4.189399999999999791e-01 1.956478074686601758e+02 1.990858074686602777e+02 1.080197643243234307e+00 1.080197643243234307e+00
3.000000000000000000e+00 5.300000000000000000e+01 3.384400000000000186e-01 2.367998074686602195e+02 2.352538074686608525e+02 1.305464523839062352e+01 1.305464523839062352e+01
3.000000000000000000e+00 5.400000000000000000e+01 5.094400000000000039e-01 2.379978074686605396e+02 2.436658074686602049e+02 3.542133114508607683e-01 3.542133114508607683e-01
3.000000000000000000e+00 5.500000000000000000e+01 3.528800000000000270e-01 2.866718074686605178e+02 2.860158074686605687e+02 8.365733583752863467e+00 8.365733583752863467e+00
3.000000000000000000e+00 5.600000000000000000e+01 4.248799999999999799e-01 2.179998074686609471e+02 2.269198074686610198e+02 6.967902266360870289e-02 6.967902266360870289e-02
3.000000000000000000e+00 5.700000000000000000e+01 2.540600000000000080e-01 2.201538074686604887e+02 2.202118074686604814e+02 5.854110285285229587e+00 5.854110285285229587e+00
3.000000000000000000e+00 5.800000000000000000e+01 5.307500000000000551e-01 2.038198074686606560e+02 2.079598074686609834e+02 7.604415917962811244e-01 7.604415917962811244e-01
3.000000000000000000e+00 5.900000000000000000e+01 1.488800000000000123e-01 2.048498074686604014e+02 2.040798074686608743e+02 8.856432466658869629e+00 8.856432466658869629e+00
3.000000000000000000e+00 6.000000000000000000e+01 1.893799999999999928e-01 2.318918074686607724e+02 2.300578074686609398e+02 1.507660232825127267e+01 1.507660232825127267e+01
3.000000000000000000e+00 7.000000000000000000e+00 1.087499999999999994e-01 2.333718074686603359e+02 2.326198074686608379e+02 8.777082186333942104e+00 8.777082186333942104e+00
3.000000000000000000e+00 6.100000000000000000e+01 2.412999999999999867e-02 2.320318074686601904e+02 2.335498074686602195e+02 2.821148375458420787e+00 2.821148375458420787e+00
3.000000000000000000e+00 6.200000000000000000e+01 9.805999999999999439e-02 2.188458074686604959e+02 2.208418074686605905e+02 2.221414216217419302e+00 2.221414216217419302e+00
3.000000000000000000e+00 6.300000000000000000e+01 4.515600000000000169e-01 2.422838074686605978e+02 2.454938074686606342e+02 1.210633803959748844e+00 1.210633803959748844e+00
3.000000000000000000e+00 6.400000000000000000e+01 2.542499999999999760e-01 2.029438074686604523e+02 2.048238074686605614e+02 2.354065956609597166e+00 2.354065956609597166e+00
3.000000000000000000e+00 6.500000000000000000e+01 2.739400000000000168e-01 2.298238074686605614e+02 2.321898074686605469e+02 1.846226871308410011e+00 1.846226871308410011e+00
3.000000000000000000e+00 6.600000000000000000e+01 3.083099999999999730e-01 2.227278074686610125e+02 2.266438074686602704e+02 8.505637001939849728e-01 8.505637001939849728e-01
3.000000000000000000e+00 6.700000000000000000e+01 2.589400000000000035e-01 2.012938074686608161e+02 2.014238074686609252e+02 5.647110663679784537e+00 5.647110663679784537e+00
3.000000000000000000e+00 6.800000000000000000e+01 2.683099999999999929e-01 1.897538074686608525e+02 1.935638074686603431e+02 8.968595805468454474e-01 8.968595805468454474e-01
3.000000000000000000e+00 6.900000000000000000e+01 3.849400000000000044e-01 2.066798074686603286e+02 2.144938074686606342e+02 1.211342344577500119e-01 1.211342344577500119e-01
3.000000000000000000e+00 7.000000000000000000e+01 4.610600000000000254e-01 2.229038074686604887e+02 2.267478074686605396e+02 8.817418326186980959e-01 8.817418326186980959e-01
3.000000000000000000e+00 8.000000000000000000e+00 1.131299999999999945e-01 2.131658074686602049e+02 2.157838074686605978e+02 1.627661020275657844e+00 1.627661020275657844e+00
3.000000000000000000e+00 7.100000000000000000e+01 3.520599999999999841e-01 2.205898074686601831e+02 2.240418074686604086e+02 1.072662662939339873e+00 1.072662662939339873e+00
3.000000000000000000e+00 7.200000000000000000e+01 2.657499999999999862e-01 2.295718074686601540e+02 2.291218074686603359e+02 7.546953918863156474e+00 7.546953918863156474e+00
3.000000000000000000e+00 7.300000000000000000e+01 3.062500000000000222e-01 1.879158074686602049e+02 1.887938074686608161e+02 3.885081755153941607e+00 3.885081755153941607e+00
3.000000000000000000e+00 7.400000000000000000e+01 4.169399999999999773e-01 2.605098074686602558e+02 2.648678074686604305e+02 6.819111060945539649e-01 6.819111060945539649e-01
3.000000000000000000e+00 7.500000000000000000e+01 3.543999999999999928e-02 2.109098074686608015e+02 2.103078074686609398e+02 8.142880827343169869e+00 8.142880827343169869e+00
3.000000000000000000e+00 7.600000000000000000e+01 3.707500000000000240e-01 2.262938074686608161e+02 2.258778074686606487e+02 7.419740083562290422e+00 7.419740083562290422e+00
3.000000000000000000e+00 7.700000000000000000e+01 5.388100000000000112e-01 2.064478074686603577e+02 2.149838074686604159e+02 8.442801741242439428e-02 8.442801741242439428e-02
3.000000000000000000e+00 7.800000000000000000e+01 3.863099999999999867e-01 2.101238074686607433e+02 2.137678074686609762e+02 9.744754306608219840e-01 9.744754306608219840e-01
3.000000000000000000e+00 7.900000000000000000e+01 6.293999999999999595e-02 2.315598074686604377e+02 2.347718074686608816e+02 1.209423775270722645e+00 1.209423775270722645e+00
3.000000000000000000e+00 8.000000000000000000e+01 3.737500000000000266e-01 2.361378074686608670e+02 2.360758074686609689e+02 6.216108248422599125e+00 6.216108248422599125e+00
3.000000000000000000e+00 9.000000000000000000e+00 5.978799999999999670e-01 2.087738074686603795e+02 2.122558074686603504e+02 1.056692796428093883e+00 1.056692796428093883e+00
3.000000000000000000e+00 8.100000000000000000e+01 3.227499999999999813e-01 2.357738074686603795e+02 2.387878074686605032e+02 1.335284032161893286e+00 1.335284032161893286e+00
3.000000000000000000e+00 8.200000000000000000e+01 1.289399999999999991e-01 1.850398074686609107e+02 1.854798074686605105e+02 4.836271281306160574e+00 4.836271281306160574e+00
3.000000000000000000e+00 8.300000000000000000e+01 7.055999999999999772e-02 1.895938074686609980e+02 1.884038074686604887e+02 1.092598642361099515e+01 1.092598642361099515e+01
3.000000000000000000e+00 8.400000000000000000e+01 3.355000000000000204e-01 2.165198074686604741e+02 2.205758074686609689e+02 7.930603374967168939e-01 7.930603374967168939e-01
3.000000000000000000e+00 8.500000000000000000e+01 6.894000000000000128e-02 2.204718074686606997e+02 2.193158074686607506e+02 1.074181455077690295e+01 1.074181455077690295e+01
3.000000000000000000e+00 8.600000000000000000e+01 5.031299999999999661e-01 2.288198074686606560e+02 2.348018074686606269e+02 3.027475549842572611e-01 3.027475549842572611e-01
3.000000000000000000e+00 8.700000000000000000e+01 3.263099999999999890e-01 2.198498074686604014e+02 2.232418074686602267e+02 1.105330104428716931e+00 1.105330104428716931e+00
3.000000000000000000e+00 8.800000000000000000e+01 1.875000000000000000e-01 2.127978074686607215e+02 2.115278074686602849e+02 1.137188438837366888e+01 1.137188438837366888e+01
3.000000000000000000e+00 8.900000000000000000e+01 6.577499999999999458e-01 1.851258074686602413e+02 1.888118074686608452e+02 9.542248222098912436e-01 9.542248222098912436e-01
3.000000000000000000e+00 9.000000000000000000e+01 1.402500000000000135e-01 2.252838074686605978e+02 2.275238074686603795e+02 1.966281169253698335e+00 1.966281169253698335e+00
3.000000000000000000e+00 1.000000000000000000e+01 1.867499999999999993e-01 1.997118074686604814e+02 2.081318074686605542e+02 8.946963611003473649e-02 8.946963611003473649e-02
3.000000000000000000e+00 9.100000000000000000e+01 1.981900000000000051e-01 1.981678074686606124e+02 2.010438074686608161e+02 1.430671661555800167e+00 1.430671661555800167e+00
3.000000000000000000e+00 9.200000000000000000e+01 2.934399999999999786e-01 2.135178074686609762e+02 2.129998074686609471e+02 7.807962352143090534e+00 7.807962352143090534e+00
3.000000000000000000e+00 9.300000000000000000e+01 3.706900000000000195e-01 2.383558074686607142e+02 2.401558074686608961e+02 2.450137210798690734e+00 2.450137210798690734e+00
3.000000000000000000e+00 9.400000000000000000e+01 7.568999999999999340e-02 2.178038074686610344e+02 2.191878074686601394e+02 3.016641201138702044e+00 3.016641201138702044e+00
3.000000000000000000e+00 9.500000000000000000e+01 1.216300000000000020e-01 2.034838074686604159e+02 2.059698074686602922e+02 1.738710988348566300e+00 1.738710988348566300e+00
3.000000000000000000e+00 9.600000000000000000e+01 2.116300000000000125e-01 2.281498074686605833e+02 2.347898074686609107e+02 2.178701637816331249e-01 2.178701637816331249e-01
3.000000000000000000e+00 9.700000000000000000e+01 2.006900000000000073e-01 2.390818074686603723e+02 2.410858074686602777e+02 2.212546306995079703e+00 2.212546306995079703e+00
3.000000000000000000e+00 9.800000000000000000e+01 2.916900000000000048e-01 2.527418074686602267e+02 2.523178074686602486e+02 7.449478481039604638e+00 7.449478481039604638e+00
3.000000000000000000e+00 9.900000000000000000e+01 3.476899999999999991e-01 2.004138074686607069e+02 2.007518074686604450e+02 5.089318987446215026e+00 5.089318987446215026e+00
