1.100000000000000000e+01 8.800000000000000000e+01 4.275000000000000328e-02 2.157578074686607579e+02 2.136098074686606196e+02 1.588493269025192056e+01 1.588493269025192056e+01
1.100000000000000000e+01 8.900000000000000000e+01 4.808799999999999741e-01 1.839238074686609252e+02 1.887898074686609107e+02 4.763373441330279179e-01 4.763373441330279179e-01
1.100000000000000000e+01 9.800000000000000000e+01 7.175000000000000266e-01 2.539398074686605469e+02 2.556398074686603650e+02 2.319544964379169016e+00 2.319544964379169016e+00
1.100000000000000000e+01 6.000000000000000000e+01 2.367499999999999882e-01 2.306858074686606415e+02 2.311398074686603650e+02 4.324822202964207385e+00 4.324822202964207385e+00
1.100000000000000000e+01 6.100000000000000000e+01 2.226299999999999946e-01 2.308218074686601540e+02 2.332818074686601904e+02 1.586247288071588990e+00 1.586247288071588990e+00
1.100000000000000000e+01 6.200000000000000000e+01 1.145000000000000046e-01 2.177318074686609179e+02 2.184198074686610198e+02 3.847297794820596639e+00 3.847297794820596639e+00
1.100000000000000000e+01 6.300000000000000000e+01 1.898799999999999932e-01 2.402258074686606051e+02 2.432818074686601904e+02 1.177473487107079997e+00 1.177473487107079997e+00
1.100000000000000000e+01 6.400000000000000000e+01 6.810000000000000081e-03 2.027358074686608234e+02 2.031258074686602413e+02 4.465454631893472026e+00 4.465454631893472026e+00
1.100000000000000000e+01 6.500000000000000000e+01 4.390600000000000058e-01 2.294678074686607943e+02 2.321118074686610271e+02 1.446824319901888645e+00 1.446824319901888645e+00
1.100000000000000000e+01 6.600000000000000000e+01 2.839999999999999747e-01 2.234858074686608234e+02 2.256658074686602049e+02 1.824618693977678729e+00 1.824618693977678729e+00
1.100000000000000000e+01 6.700000000000000000e+01 3.506299999999999972e-01 2.023558074686607142e+02 2.042618074686606633e+02 2.092524078569534485e+00 2.092524078569534485e+00
1.100000000000000000e+01 6.800000000000000000e+01 2.253799999999999970e-01 1.899158074686602049e+02 1.923638074686605250e+02 1.595793381441640069e+00 1.595793381441640069e+00
1.100000000000000000e+01 6.900000000000000000e+01 4.681899999999999951e-01 2.092538074686608525e+02 2.165938074686609980e+02 1.382586642575708846e-01 1.382586642575708846e-01
1.100000000000000000e+01 9.900000000000000000e+01 1.438800000000000079e-01 2.025578074686609398e+02 2.040598074686604377e+02 2.560931425482957380e+00 2.560931425482957380e+00
1.100000000000000000e+01 7.000000000000000000e+01 3.740600000000000036e-01 2.252198074686602922e+02 2.340018074686604450e+02 6.723045265429618278e-02 6.723045265429618278e-02
1.100000000000000000e+01 7.100000000000000000e+01 5.134999999999999565e-01 2.179378074686601394e+02 2.211318074686605542e+02 1.098967420601298706e+00 1.098967420601298706e+00
1.100000000000000000e+01 7.200000000000000000e+01 1.922500000000000042e-01 2.295498074686602195e+02 2.310358074686610053e+02 2.581501045661354965e+00 2.581501045661354965e+00
1.100000000000000000e+01 7.300000000000000000e+01 1.068800000000000028e-01 1.864438074686604523e+02 1.852838074686605978e+02 9.692680668279280098e+00 9.692680668279280098e+00
1.100000000000000000e+01 7.400000000000000000e+01 1.927500000000000047e-01 2.602118074686604814e+02 2.643458074686604959e+02 6.868571306447379676e-01 6.868571306447379676e-01
1.100000000000000000e+01 7.500000000000000000e+01 2.244400000000000006e-01 2.140278074686602849e+02 2.155958074686604959e+02 2.477799902617183747e+00 2.477799902617183747e+00
1.100000000000000000e+01 7.600000000000000000e+01 3.901299999999999768e-01 2.243238074686605614e+02 2.275038074686608525e+02 1.106687180181781693e+00 1.106687180181781693e+00
1.100000000000000000e+01 7.700000000000000000e+01 6.401299999999999768e-01 2.086138074686605250e+02 2.164358074686606415e+02 1.086494135824512958e-01 1.086494135824512958e-01
1.100000000000000000e+01 7.800000000000000000e+01 1.307500000000000051e-01 2.119038074686604887e+02 2.142458074686610416e+02 1.682651848877129597e+00 1.682651848877129597e+00
1.100000000000000000e+01 7.900000000000000000e+01 9.038000000000000200e-02 2.302638074686601612e+02 2.308678074686604305e+02 4.012325628328051508e+00 4.012325628328051508e+00
1.100000000000000000e+01 8.000000000000000000e+01 7.187999999999999945e-02 2.333518074686608088e+02 2.387458074686610416e+02 3.658144762444707765e-01 3.658144762444707765e-01
1.100000000000000000e+01 8.100000000000000000e+01 4.932500000000000218e-01 2.361378074686608670e+02 2.411118074686610271e+02 4.512972933573872192e-01 4.512972933573872192e-01
1.100000000000000000e+01 8.200000000000000000e+01 1.955600000000000116e-01 1.855298074686606924e+02 1.869078074686603941e+02 2.724734604144275263e+00 2.724734604144275263e+00
1.100000000000000000e+01 8.300000000000000000e+01 1.495599999999999985e-01 1.904098074686608015e+02 1.918218074686601540e+02 2.678805618371112640e+00 2.678805618371112640e+00
1.100000000000000000e+01 8.400000000000000000e+01 1.551299999999999901e-01 2.137838074686605978e+02 2.188478074686609034e+02 4.314390760077245757e-01 4.314390760077245757e-01
1.100000000000000000e+01 8.500000000000000000e+01 3.155999999999999778e-02 2.195258074686607870e+02 2.197618074686606633e+02 4.822878892666074613e+00 4.822878892666074613e+00
1.100000000000000000e+01 8.600000000000000000e+01 8.379999999999999671e-01 2.301398074686603650e+02 2.332478074686605396e+02 1.147253735572065114e+00 1.147253735572065114e+00
1.100000000000000000e+01 8.700000000000000000e+01 5.464400000000000368e-01 2.202658074686605687e+02 2.238618074686610271e+02 8.988591151824615322e-01 8.988591151824615322e-01
1.100000000000000000e+01 9.000000000000000000e+01 1.125000000000000028e-01 2.258698074686608379e+02 2.304058074686608961e+02 5.617889858557322258e-01 5.617889858557322258e-01
1.100000000000000000e+01 9.100000000000000000e+01 2.028099999999999903e-01 1.959118074686602995e+02 2.000778074686604668e+02 6.759548672422172055e-01 6.759548672422172055e-01
1.100000000000000000e+01 9.200000000000000000e+01 5.831000000000000072e-02 2.170418074686604086e+02 2.175538074686610344e+02 4.201203493848268522e+00 4.201203493848268522e+00
1.100000000000000000e+01 1.000000000000000000e+00 3.509999999999999787e-01 2.090298074686606924e+02 2.146578074686603941e+02 3.254231415119960835e-01 3.254231415119960835e-01
1.100000000000000000e+01 2.000000000000000000e+00 5.989999999999999769e-01 2.087758074686607870e+02 2.075378074686605032e+02 1.007816326632544524e+01 1.007816326632544524e+01
1.100000000000000000e+01 3.000000000000000000e+00 4.266300000000000092e-01 2.102218074686606997e+02 2.135658074686607506e+02 1.019559866150331340e+00 1.019559866150331340e+00
1.100000000000000000e+01 4.000000000000000000e+00 1.686300000000000021e-01 2.400678074686602486e+02 2.405398074686609107e+02 4.286073434149013650e+00 4.286073434149013650e+00
1.100000000000000000e+01 5.000000000000000000e+00 4.010000000000000231e-01 2.213458074686604959e+02 2.269358074686606415e+02 3.316652938643786519e-01 3.316652938643786519e-01
1.100000000000000000e+01 6.000000000000000000e+00 1.458099999999999952e-01 2.008158074686607506e+02 2.033398074686601831e+02 1.536290939303075032e+00 1.536290939303075032e+00
1.100000000000000000e+01 7.000000000000000000e+00 2.646299999999999764e-01 2.322018074686602631e+02 2.327798074686606924e+02 4.064826376978761147e+00 4.064826376978761147e+00
1.100000000000000000e+01 8.000000000000000000e+00 1.512999999999999935e-02 2.132698074686604741e+02 2.160658074686607506e+02 1.340940227729297440e+00 1.340940227729297440e+00
1.100000000000000000e+01 9.000000000000000000e+00 3.215000000000000080e-01 2.110398074686609107e+02 2.136818074686607360e+02 1.448271867875443375e+00 1.448271867875443375e+00
1.100000000000000000e+01 9.300000000000000000e+01 1.746300000000000074e-01 2.381518074686609907e+02 2.419158074686602049e+02 8.264391653252770586e-01 8.264391653252770586e-01
1.100000000000000000e+01 1.000000000000000000e+01 1.560600000000000043e-01 2.009818074686609179e+02 2.070678074686602486e+02 2.588183099074045646e-01 2.588183099074045646e-01
1.100000000000000000e+01 1.100000000000000000e+01 1.819999999999999951e-01 1.941478074686601758e+02 1.954198074686610198e+02 2.873040941690636174e+00 2.873040941690636174e+00
1.100000000000000000e+01 1.200000000000000000e+01 1.508799999999999863e-01 2.377298074686605105e+02 2.384858074686608234e+02 3.718688418327912970e+00 3.718688418327912970e+00
1.100000000000000000e+01 1.300000000000000000e+01 8.894000000000000516e-02 2.406038074686603068e+02 2.424238074686609252e+02 2.184465181505366616e+00 2.184465181505366616e+00
1.100000000000000000e+01 1.400000000000000000e+01 5.260599999999999721e-01 2.339238074686609252e+02 2.403158074686607506e+02 2.220996842804812132e-01 2.220996842804812132e-01
1.100000000000000000e+01 1.500000000000000000e+01 4.271900000000000142e-01 2.517078074686605760e+02 2.573778074686606487e+02 3.186605116782584290e-01 3.186605116782584290e-01
1.100000000000000000e+01 1.600000000000000000e+01 3.986899999999999888e-01 2.091758074686604232e+02 2.152478074686605396e+02 2.606363939469556468e-01 2.606363939469556468e-01
1.100000000000000000e+01 1.700000000000000000e+01 1.500059999999999949e+00 2.339658074686603868e+02 2.430138074686601612e+02 5.885791442551891600e-02 5.885791442551891600e-02
1.100000000000000000e+01 1.800000000000000000e+01 3.235600000000000143e-01 2.255058074686603504e+02 2.338418074686605905e+02 8.402600290891869272e-02 8.402600290891869272e-02
1.100000000000000000e+01 1.900000000000000000e+01 2.492499999999999993e-01 2.227638074686601612e+02 2.243278074686604668e+02 2.482760461327491619e+00 2.482760461327491619e+00
1.100000000000000000e+01 9.400000000000000000e+01 8.844000000000000472e-02 2.182178074686607943e+02 2.199358074686606415e+02 2.298762720079032817e+00 2.298762720079032817e+00
1.100000000000000000e+01 2.000000000000000000e+01 3.539399999999999769e-01 2.018458074686604959e+02 2.052058074686601685e+02 1.011435926308321909e+00 1.011435926308321909e+00
1.100000000000000000e+01 2.100000000000000000e+01 9.513000000000000622e-02 2.187058074686601685e+02 2.174678074686607943e+02 1.007816326632086223e+01 1.007816326632086223e+01
1.100000000000000000e+01 2.200000000000000000e+01 6.463799999999999546e-01 2.325618074686608452e+02 2.343118074686608452e+02 2.262275195154203278e+00 2.262275195154203278e+00
1.100000000000000000e+01 2.300000000000000000e+01 1.680000000000000104e-01 2.199638074686608888e+02 2.209418074686609543e+02 3.327998360755671126e+00 3.327998360755671126e+00
1.100000000000000000e+01 2.400000000000000000e+01 9.375000000000000000e-02 2.377018074686602631e+02 2.376098074686606196e+02 5.682384951296341136e+00 5.682384951296341136e+00
1.100000000000000000e+01 2.500000000000000000e+01 4.254399999999999848e-01 2.238378074686606851e+02 2.280778074686604668e+02 6.514015741344879595e-01 6.514015741344879595e-01
1.100000000000000000e+01 2.600000000000000000e+01 5.988000000000000267e-02 2.501198074686608379e+02 2.497658074686605687e+02 6.477735765491958730e+00 6.477735765491958730e+00
1.100000000000000000e+01 2.700000000000000000e+01 4.649400000000000199e-01 2.410138074686601612e+02 2.465038074686608525e+02 3.486701371105864200e-01 3.486701371105864200e-01
1.100000000000000000e+01 2.800000000000000000e+01 1.320600000000000107e-01 2.134938074686606342e+02 2.153158074686607506e+02 2.182281808193013095e+00 2.182281808193013095e+00
1.100000000000000000e+01 2.900000000000000000e+01 1.817499999999999949e-01 2.243258074686609689e+02 2.272278074686610125e+02 1.271720909912074760e+00 1.271720909912074760e+00
1.100000000000000000e+01 9.500000000000000000e+01 7.674999999999999878e-02 2.034498074686607652e+02 2.065298074686606924e+02 1.163428245255203830e+00 1.163428245255203830e+00
1.100000000000000000e+01 3.000000000000000000e+01 1.265000000000000013e-01 2.314778074686610125e+02 2.316858074686606415e+02 4.890874052700254104e+00 4.890874052700254104e+00
1.100000000000000000e+01 3.100000000000000000e+01 3.528100000000000125e-01 1.992358074686608234e+02 2.104958074686610416e+02 1.947489712597364961e-02 1.947489712597364961e-02
1.100000000000000000e+01 3.200000000000000000e+01 4.169399999999999773e-01 2.447678074686609762e+02 2.538438074686609980e+02 5.803964487543070150e-02 5.803964487543070150e-02
1.100000000000000000e+01 3.300000000000000000e+01 3.855600000000000138e-01 2.233498074686604014e+02 2.239878074686603213e+02 3.944692602190208230e+00 3.944692602190208230e+00
1.100000000000000000e+01 3.400000000000000000e+01 7.087999999999999856e-02 2.081298074686601467e+02 2.096638074686607069e+02 2.520282580604565226e+00 2.520282580604565226e+00
1.100000000000000000e+01 3.500000000000000000e+01 3.340600000000000236e-01 2.267958074686603140e+02 2.336318074686605542e+02 1.778830495540775214e-01 1.778830495540775214e-01
1.100000000000000000e+01 3.600000000000000000e+01 3.872499999999999831e-01 2.361498074686605833e+02 2.474958074686610416e+02 1.865522577735160073e-02 1.865522577735160073e-02
1.100000000000000000e+01 3.700000000000000000e+01 1.006879999999999997e+00 2.124558074686601685e+02 2.159658074686603868e+02 9.383530924709757581e-01 9.383530924709757581e-01
1.100000000000000000e+01 3.800000000000000000e+01 2.856299999999999950e-01 2.112998074686602195e+02 2.151618074686602995e+02 7.869197780661710828e-01 7.869197780661710828e-01
1.100000000000000000e+01 3.900000000000000000e+01 7.302499999999999547e-01 2.475618074686608452e+02 2.507298074686605105e+02 1.113347263533035481e+00 1.113347263533035481e+00
1.100000000000000000e+01 9.600000000000000000e+01 2.858100000000000085e-01 2.322678074686609762e+02 2.381678074686606124e+02 2.840431915100889992e-01 2.840431915100889992e-01
1.100000000000000000e+01 4.000000000000000000e+01 3.663000000000000284e-02 1.893358074686602777e+02 1.975678074686602486e+02 8.851095320462427918e-02 8.851095320462427918e-02
1.100000000000000000e+01 4.100000000000000000e+01 2.611299999999999732e-01 2.483998074686605833e+02 2.532898074686609107e+02 4.706554555175432863e-01 4.706554555175432863e-01
1.100000000000000000e+01 4.200000000000000000e+01 3.953800000000000092e-01 2.189578074686605760e+02 2.205598074686604377e+02 2.436033326047503778e+00 2.436033326047503778e+00
1.100000000000000000e+01 4.300000000000000000e+01 3.418100000000000027e-01 2.212118074686604814e+02 2.214478074686603577e+02 4.822878892666074613e+00 4.822878892666074613e+00
1.100000000000000000e+01 4.400000000000000000e+01 5.825000000000000316e-02 2.247718074686608816e+02 2.281578074686603941e+02 9.983723564485731394e-01 9.983723564485731394e-01
1.100000000000000000e+01 4.500000000000000000e+01 3.318099999999999938e-01 2.455638074686603431e+02 2.450558074686605323e+02 6.996227186482942173e+00 6.996227186482942173e+00
1.100000000000000000e+01 4.600000000000000000e+01 3.295000000000000151e-01 2.134878074686603213e+02 2.176958074686608597e+02 6.619078251964876092e-01 6.619078251964876092e-01
1.100000000000000000e+01 4.700000000000000000e+01 2.465600000000000014e-01 2.319838074686604159e+02 2.362598074686602558e+02 6.397812425317321861e-01 6.397812425317321861e-01
1.100000000000000000e+01 4.800000000000000000e+01 3.375600000000000267e-01 2.269158074686602049e+02 2.303698074686608379e+02 9.649982707604497500e-01 9.649982707604497500e-01
1.100000000000000000e+01 4.900000000000000000e+01 1.514399999999999913e-01 1.992178074686607943e+02 2.088958074686606778e+02 4.295385111042158283e-02 4.295385111042158283e-02
1.100000000000000000e+01 9.700000000000000000e+01 9.063000000000000222e-02 2.361058074686607142e+02 2.382178074686607943e+02 1.887722413937009458e+00 1.887722413937009458e+00
1.100000000000000000e+01 5.000000000000000000e+01 1.168799999999999978e-01 1.987358074686608234e+02 2.053158074686607506e+02 2.021735140996283875e-01 2.021735140996283875e-01
1.100000000000000000e+01 5.100000000000000000e+01 1.101300000000000057e-01 2.110378074686605032e+02 2.154918074686602267e+02 5.853010377861522784e-01 5.853010377861522784e-01
1.100000000000000000e+01 5.200000000000000000e+01 2.550000000000000044e-01 1.949638074686608888e+02 1.963578074686602122e+02 2.703023686772557443e+00 2.703023686772557443e+00
1.100000000000000000e+01 5.300000000000000000e+01 3.023100000000000231e-01 2.338118074686608452e+02 2.331758074686604232e+02 7.458624623520336172e+00 7.458624623520336172e+00
1.100000000000000000e+01 5.400000000000000000e+01 2.021300000000000041e-01 2.418538074686603068e+02 2.457918074686604086e+02 7.575778537875252905e-01 7.575778537875252905e-01
1.100000000000000000e+01 5.500000000000000000e+01 5.849400000000000155e-01 2.849698074686602922e+02 2.875638074686603431e+02 1.483450851938014736e+00 1.483450851938014736e+00
1.100000000000000000e+01 5.600000000000000000e+01 2.263100000000000112e-01 2.185538074686610344e+02 2.243578074686602122e+02 2.980097813771624415e-01 2.980097813771624415e-01
1.100000000000000000e+01 5.700000000000000000e+01 5.317499999999999449e-01 2.182738074686603795e+02 2.201698074686610198e+02 2.103012899161436522e+00 2.103012899161436522e+00
1.100000000000000000e+01 5.800000000000000000e+01 3.644999999999999907e-01 2.032058074686601685e+02 2.034178074686606124e+02 4.881102079823063988e+00 4.881102079823063988e+00
1.100000000000000000e+01 5.900000000000000000e+01 2.366900000000000115e-01 2.030898074686601831e+02 2.032078074686605760e+02 5.115990518427165235e+00 5.115990518427165235e+00
