9.000000000000000000e+00 3.000000000000000000e+01 1.787499999999999922e-01 2.331898074686605469e+02 2.330858074686602777e+02 9.495278964288418777e+00 9.495278964288418777e+00
9.000000000000000000e+00 3.100000000000000000e+01 3.619399999999999840e-01 2.020558074686605323e+02 2.154118074686602995e+02 1.134242366958691794e-02 1.134242366958691794e-02
9.000000000000000000e+00 4.000000000000000000e+01 7.838000000000000522e-02 1.916098074686606196e+02 2.005578074686609398e+02 1.027758088584375118e-01 1.027758088584375118e-01
9.000000000000000000e+00 2.000000000000000000e+00 4.576299999999999812e-01 2.081918074686609543e+02 2.139758074686606051e+02 4.999709531026597653e-01 4.999709531026597653e-01
9.000000000000000000e+00 3.000000000000000000e+00 3.931899999999999840e-01 2.089038074686604887e+02 2.109758074686606051e+02 3.198860728137573606e+00 3.198860728137573606e+00
9.000000000000000000e+00 4.000000000000000000e+00 2.263799999999999979e-01 2.400378074686605032e+02 2.406138074686605250e+02 6.758457773131602231e+00 6.758457773131602231e+00
9.000000000000000000e+00 5.000000000000000000e+00 6.662999999999999479e-02 2.230578074686609398e+02 2.256938074686604523e+02 2.412816467721255798e+00 2.412816467721255798e+00
9.000000000000000000e+00 6.000000000000000000e+00 7.950000000000000122e-02 2.025298074686606924e+02 2.066058074686607142e+02 1.174443858880392488e+00 1.174443858880392488e+00
9.000000000000000000e+00 7.000000000000000000e+00 1.542499999999999982e-01 2.333618074686610271e+02 2.314698074686602922e+02 2.321490951939281189e+01 2.321490951939281189e+01
9.000000000000000000e+00 8.000000000000000000e+00 5.440599999999999881e-01 2.135118074686606633e+02 2.174758074686606051e+02 1.242089104830640167e+00 1.242089104830640167e+00
9.000000000000000000e+00 9.000000000000000000e+00 8.187999999999999445e-02 2.095498074686602195e+02 2.109138074686607069e+02 4.557593413239994895e+00 4.557593413239994895e+00
9.000000000000000000e+00 1.000000000000000000e+01 5.836900000000000421e-01 1.988338074686607797e+02 2.130898074686601831e+02 7.232248639351073101e-03 7.232248639351073101e-03
9.000000000000000000e+00 1.100000000000000000e+01 7.205999999999999905e-02 1.931478074686601758e+02 1.926158074686609325e+02 1.176106763874530969e+01 1.176106763874530969e+01
9.000000000000000000e+00 4.100000000000000000e+01 9.809999999999999276e-03 2.485258074686607870e+02 2.503418074686605905e+02 3.635674765775033013e+00 3.635674765775033013e+00
9.000000000000000000e+00 1.200000000000000000e+01 4.745599999999999818e-01 2.394258074686604232e+02 2.408498074686604014e+02 4.422896171609979277e+00 4.422896171609979277e+00
9.000000000000000000e+00 1.300000000000000000e+01 1.506000000000000047e-02 2.428238074686605614e+02 2.436538074686604887e+02 5.952401335623280332e+00 5.952401335623280332e+00
9.000000000000000000e+00 1.400000000000000000e+01 2.505999999999999894e-02 2.277398074686607288e+02 2.325558074686605323e+02 8.112286927349882104e-01 8.112286927349882104e-01
9.000000000000000000e+00 1.500000000000000000e+01 2.816299999999999915e-01 2.512958074686603140e+02 2.536218074686603359e+02 2.817344357219554229e+00 2.817344357219554229e+00
9.000000000000000000e+00 1.600000000000000000e+01 1.534399999999999931e-01 2.101138074686605250e+02 2.143218074686601540e+02 1.099433144675901808e+00 1.099433144675901808e+00
9.000000000000000000e+00 1.700000000000000000e+01 9.074999999999999734e-02 2.303998074686605833e+02 2.325438074686608161e+02 3.085749951602086316e+00 3.085749951602086316e+00
9.000000000000000000e+00 1.800000000000000000e+01 1.482499999999999929e-01 2.229058074686608961e+02 2.301578074686603941e+02 2.399786600523331759e-01 2.399786600523331759e-01
9.000000000000000000e+00 1.900000000000000000e+01 2.012500000000000122e-01 2.252358074686608234e+02 2.285658074686607506e+02 1.705391535493072208e+00 1.705391535493072208e+00
9.000000000000000000e+00 2.000000000000000000e+01 1.194999999999999951e-01 1.986278074686606487e+02 2.056478074686601758e+02 2.694950446388358345e-01 2.694950446388358345e-01
9.000000000000000000e+00 2.100000000000000000e+01 1.104130000000000056e+00 2.180138074686601612e+02 2.266678074686606124e+02 1.190507654947622063e-01 1.190507654947622063e-01
9.000000000000000000e+00 4.200000000000000000e+01 3.619999999999999885e-01 2.191378074686608670e+02 2.250438074686608161e+02 4.703842918918735849e-01 4.703842918918735849e-01
9.000000000000000000e+00 2.200000000000000000e+01 1.119000000000000029e-02 2.331858074686606415e+02 2.380038074686608525e+02 8.104178695212634898e-01 8.104178695212634898e-01
9.000000000000000000e+00 2.300000000000000000e+01 3.156300000000000217e-01 2.201878074686601394e+02 2.216718074686605178e+02 4.292179835086842310e+00 4.292179835086842310e+00
9.000000000000000000e+00 2.400000000000000000e+01 8.455999999999999628e-02 2.397718074686608816e+02 2.430098074686602558e+02 1.785671837477849078e+00 1.785671837477849078e+00
9.000000000000000000e+00 2.500000000000000000e+01 5.933800000000000185e-01 2.218278074686604668e+02 2.281438074686602704e+02 3.831973010718262018e-01 3.831973010718262018e-01
9.000000000000000000e+00 2.600000000000000000e+01 3.139399999999999968e-01 2.522958074686603140e+02 2.616858074686606415e+02 8.239708029212586271e-02 8.239708029212586271e-02
9.000000000000000000e+00 2.700000000000000000e+01 2.876299999999999968e-01 2.408298074686608743e+02 2.446398074686603650e+02 1.341508495846213567e+00 1.341508495846213567e+00
9.000000000000000000e+00 2.800000000000000000e+01 8.330999999999999517e-02 2.120558074686605323e+02 2.147358074686608234e+02 2.360314148518153132e+00 2.360314148518153132e+00
9.000000000000000000e+00 2.900000000000000000e+01 2.023800000000000043e-01 2.249898074686607288e+02 2.289598074686609834e+02 1.238368421331714986e+00 1.238368421331714986e+00
9.000000000000000000e+00 4.300000000000000000e+01 2.673800000000000066e-01 2.219878074686603213e+02 2.264878074686603213e+02 9.500836211080200266e-01 9.500836211080200266e-01
9.000000000000000000e+00 4.400000000000000000e+01 5.480999999999999761e-02 2.264378074686601394e+02 2.277118074686604814e+02 4.767369684385843520e+00 4.767369684385843520e+00
9.000000000000000000e+00 4.500000000000000000e+01 1.551899999999999946e-01 2.420238074686603795e+02 2.430198074686604741e+02 5.478299397955030514e+00 5.478299397955030514e+00
9.000000000000000000e+00 4.600000000000000000e+01 8.866300000000000292e-01 2.139718074686606997e+02 2.217538074686608525e+02 1.841130558593229161e-01 1.841130558593229161e-01
9.000000000000000000e+00 4.700000000000000000e+01 5.668999999999999734e-02 2.281758074686604232e+02 2.315178074686609762e+02 1.695189822025107818e+00 1.695189822025107818e+00
9.000000000000000000e+00 4.800000000000000000e+01 7.638000000000000345e-02 2.285798074686608743e+02 2.315398074686609107e+02 2.051958543142837765e+00 2.051958543142837765e+00
9.000000000000000000e+00 4.900000000000000000e+01 5.738100000000000422e-01 1.959498074686607652e+02 2.055358074686610053e+02 7.470522251938298275e-02 7.470522251938298275e-02
9.000000000000000000e+00 3.200000000000000000e+01 1.413000000000000020e-02 2.424938074686606342e+02 2.461398074686603650e+02 1.456148190751797022e+00 1.456148190751797022e+00
9.000000000000000000e+00 5.000000000000000000e+01 7.444399999999999906e-01 2.001218074686603359e+02 2.079518074686602631e+02 1.797469454153369506e-01 1.797469454153369506e-01
9.000000000000000000e+00 5.100000000000000000e+01 3.852499999999999813e-01 2.110218074686608816e+02 2.169558074686601685e+02 4.638447950945553400e-01 4.638447950945553400e-01
9.000000000000000000e+00 5.200000000000000000e+01 4.085599999999999787e-01 1.958098074686604377e+02 2.042878074686605032e+02 1.300020218386697679e-01 1.300020218386697679e-01
9.000000000000000000e+00 5.300000000000000000e+01 6.700000000000000400e-02 2.340758074686609689e+02 2.352578074686607579e+02 4.991790804093646727e+00 4.991790804093646727e+00
9.000000000000000000e+00 5.400000000000000000e+01 3.934400000000000119e-01 2.374878074686603213e+02 2.428258074686609689e+02 6.248739834577814456e-01 6.248739834577814456e-01
9.000000000000000000e+00 5.500000000000000000e+01 2.699400000000000133e-01 2.845218074686608816e+02 2.854838074686604159e+02 5.572226606928702530e+00 5.572226606928702530e+00
9.000000000000000000e+00 5.600000000000000000e+01 3.966299999999999826e-01 2.172358074686608234e+02 2.263738074686607433e+02 9.346153889396206782e-02 9.346153889396206782e-02
9.000000000000000000e+00 5.700000000000000000e+01 1.706300000000000039e-01 2.169338074686602340e+02 2.184958074686610416e+02 4.128007000177619901e+00 4.128007000177619901e+00
9.000000000000000000e+00 5.800000000000000000e+01 2.943100000000000160e-01 2.026238074686607433e+02 2.099598074686609834e+02 2.301082851063741830e-01 2.301082851063741830e-01
9.000000000000000000e+00 5.900000000000000000e+01 3.380999999999999978e-02 2.030918074686605905e+02 2.050078074686607579e+02 3.458360815119323473e+00 3.458360815119323473e+00
9.000000000000000000e+00 3.300000000000000000e+01 1.720599999999999907e-01 2.202498074686609471e+02 2.214598074686609834e+02 4.922392653390073036e+00 4.922392653390073036e+00
9.000000000000000000e+00 6.000000000000000000e+01 6.112499999999999600e-01 2.296118074686610271e+02 2.304258074686604232e+02 6.000211532108351342e+00 6.000211532108351342e+00
9.000000000000000000e+00 6.100000000000000000e+01 2.555999999999999939e-02 2.299138074686607069e+02 2.328178074686602486e+02 2.110225310380291042e+00 2.110225310380291042e+00
9.000000000000000000e+00 6.200000000000000000e+01 2.819999999999999729e-01 2.189198074686610198e+02 2.253938074686602704e+02 3.540896051300693737e-01 3.540896051300693737e-01
9.000000000000000000e+00 6.300000000000000000e+01 6.443100000000000493e-01 2.417058074686601685e+02 2.542858074686610053e+02 1.671907031497697413e-02 1.671907031497697413e-02
9.000000000000000000e+00 6.400000000000000000e+01 1.023099999999999982e-01 2.031918074686609543e+02 2.094818074686609179e+02 3.882113869289568475e-01 3.882113869289568475e-01
9.000000000000000000e+00 6.500000000000000000e+01 5.022499999999999742e-01 2.298438074686609980e+02 2.352538074686608525e+02 6.027786227929214924e-01 6.027786227929214924e-01
9.000000000000000000e+00 6.600000000000000000e+01 2.690000000000000169e-01 2.235138074686601612e+02 2.267058074686601685e+02 1.827218241902301532e+00 1.827218241902301532e+00
9.000000000000000000e+00 6.700000000000000000e+01 3.324400000000000133e-01 2.015998074686604014e+02 2.000418074686604086e+02 1.964444741253089788e+01 1.964444741253089788e+01
9.000000000000000000e+00 6.800000000000000000e+01 3.960600000000000231e-01 1.898718074686603359e+02 1.971618074686602995e+02 2.354621086219765846e-01 2.354621086219765846e-01
9.000000000000000000e+00 6.900000000000000000e+01 2.316300000000000026e-01 2.076058074686607142e+02 2.118078074686609398e+02 1.102736396509913508e+00 1.102736396509913508e+00
9.000000000000000000e+00 3.400000000000000000e+01 7.025000000000000133e-01 2.086758074686604232e+02 2.191278074686606487e+02 4.845085585757154950e-02 4.845085585757154950e-02
9.000000000000000000e+00 7.000000000000000000e+01 9.912999999999999590e-02 2.257438074686606342e+02 2.276678074686606124e+02 3.444555001893370605e+00 3.444555001893370605e+00
9.000000000000000000e+00 7.100000000000000000e+01 5.886900000000000466e-01 2.190278074686602849e+02 2.259938074686606342e+02 2.768705318661354164e-01 2.768705318661354164e-01
9.000000000000000000e+00 7.200000000000000000e+01 3.023100000000000231e-01 2.299438074686604523e+02 2.329538074686606706e+02 2.001295506198244478e+00 2.001295506198244478e+00
9.000000000000000000e+00 7.300000000000000000e+01 5.027500000000000302e-01 1.841218074686603359e+02 1.870798074686608743e+02 2.054011528006815190e+00 2.054011528006815190e+00
9.000000000000000000e+00 7.400000000000000000e+01 2.362499999999999878e-01 2.612758074686607870e+02 2.662938074686608161e+02 7.332964125878899120e-01 7.332964125878899120e-01
9.000000000000000000e+00 7.500000000000000000e+01 5.250000000000000326e-03 2.085058074686603504e+02 2.086238074686607433e+02 8.497693077029609299e+00 8.497693077029609299e+00
9.000000000000000000e+00 7.600000000000000000e+01 1.235600000000000032e-01 2.257918074686604086e+02 2.274918074686602267e+02 3.852779068817261621e+00 3.852779068817261621e+00
9.000000000000000000e+00 7.700000000000000000e+01 4.739999999999999769e-01 2.096978074686603577e+02 2.143958074686606778e+02 8.605313118310593534e-01 8.605313118310593534e-01
9.000000000000000000e+00 7.800000000000000000e+01 2.324999999999999983e-02 2.105958074686604959e+02 2.144438074686604523e+02 1.316260450397387149e+00 1.316260450397387149e+00
9.000000000000000000e+00 7.900000000000000000e+01 3.501900000000000013e-01 2.303078074686609398e+02 2.369618074686604814e+02 3.236135325086983983e-01 3.236135325086983983e-01
9.000000000000000000e+00 3.500000000000000000e+01 3.175000000000000044e-02 2.199018074686609907e+02 2.201018074686608088e+02 8.156333352691108374e+00 8.156333352691108374e+00
9.000000000000000000e+00 8.000000000000000000e+01 1.798800000000000121e-01 2.356998074686607652e+02 2.363638074686605250e+02 6.467532912413608059e+00 6.467532912413608059e+00
9.000000000000000000e+00 8.100000000000000000e+01 8.120000000000000481e-03 2.354278074686608306e+02 2.374758074686606051e+02 3.237478298890555717e+00 3.237478298890555717e+00
9.000000000000000000e+00 8.200000000000000000e+01 1.492499999999999938e-01 1.864578074686605760e+02 1.864418074686609543e+02 9.086544782183430868e+00 9.086544782183430868e+00
9.000000000000000000e+00 8.300000000000000000e+01 1.312999999999999931e-02 1.875638074686603431e+02 1.880518074686606269e+02 7.062469119180244448e+00 7.062469119180244448e+00
9.000000000000000000e+00 8.400000000000000000e+01 6.106300000000000061e-01 2.161658074686602049e+02 2.250178074686609762e+02 1.078293627314850789e-01 1.078293627314850789e-01
9.000000000000000000e+00 8.500000000000000000e+01 5.399999999999999939e-02 2.206558074686608961e+02 2.216718074686605178e+02 5.423789408174828353e+00 5.423789408174828353e+00
9.000000000000000000e+00 8.600000000000000000e+01 5.416900000000000048e-01 2.287098074686609834e+02 2.356138074686605250e+02 2.855879400733856155e-01 2.855879400733856155e-01
9.000000000000000000e+00 8.700000000000000000e+01 1.251299999999999912e-01 2.210958074686604959e+02 2.242098074686609834e+02 1.899887595116690919e+00 1.899887595116690919e+00
9.000000000000000000e+00 8.800000000000000000e+01 1.714400000000000091e-01 2.127378074686603213e+02 2.160918074686605905e+02 1.685049135574589574e+00 1.685049135574589574e+00
9.000000000000000000e+00 8.900000000000000000e+01 1.700000000000000122e-02 1.859158074686602049e+02 1.895718074686601540e+02 1.448885621351726272e+00 1.448885621351726272e+00
9.000000000000000000e+00 3.600000000000000000e+01 1.256129999999999969e+00 2.334398074686605469e+02 2.541858074686606415e+02 2.818303465503437097e-04 2.818303465503437097e-04
9.000000000000000000e+00 9.000000000000000000e+01 1.161900000000000016e-01 2.233598074686606196e+02 2.253878074686608670e+02 3.270015496725001025e+00 3.270015496725001025e+00
9.000000000000000000e+00 9.100000000000000000e+01 3.923099999999999921e-01 1.968458074686604959e+02 2.030958074686604959e+02 3.960537771585599387e-01 3.960537771585599387e-01
9.000000000000000000e+00 9.200000000000000000e+01 5.356000000000000344e-02 2.108398074686601831e+02 2.106638074686607069e+02 9.843336452387967839e+00 9.843336452387967839e+00
9.000000000000000000e+00 9.300000000000000000e+01 2.932500000000000107e-01 2.367298074686605105e+02 2.378378074686606851e+02 5.179946478891070072e+00 5.179946478891070072e+00
9.000000000000000000e+00 9.400000000000000000e+01 4.650000000000000244e-01 2.192258074686606051e+02 2.239378074686601394e+02 8.545286265579794538e-01 8.545286265579794538e-01
9.000000000000000000e+00 9.500000000000000000e+01 6.413100000000000467e-01 2.037518074686604450e+02 2.088518074686608088e+02 7.038392576879587414e-01 7.038392576879587414e-01
9.000000000000000000e+00 9.600000000000000000e+01 3.260000000000000120e-01 2.283618074686610271e+02 2.318698074686608379e+02 1.560169897457265975e+00 1.560169897457265975e+00
9.000000000000000000e+00 9.700000000000000000e+01 3.205600000000000116e-01 2.349478074686603577e+02 2.471078074686602122e+02 2.062595023047130230e-02 2.062595023047130230e-02
9.000000000000000000e+00 9.800000000000000000e+01 4.472499999999999809e-01 2.522678074686609762e+02 2.538938074686602704e+02 3.998001950544053162e+00 3.998001950544053162e+00
9.000000000000000000e+00 9.900000000000000000e+01 9.662999999999999368e-02 1.986098074686606196e+02 1.988538074686603068e+02 7.978853456093095708e+00 7.978853456093095708e+00
9.000000000000000000e+00 3.700000000000000000e+01 1.618100000000000094e-01 2.134138074686607069e+02 2.124898074686607288e+02 1.430765521799566287e+01 1.430765521799566287e+01
9.000000000000000000e+00 3.800000000000000000e+01 3.998099999999999987e-01 2.120498074686602195e+02 2.202198074686602922e+02 1.516461737375794094e-01 1.516461737375794094e-01
9.000000000000000000e+00 3.900000000000000000e+01 3.939999999999999926e-03 2.476638074686607069e+02 2.469338074686602340e+02 1.298499842677923510e+01 1.298499842677923510e+01
9.000000000000000000e+00 1.000000000000000000e+00 8.750000000000000833e-03 2.068078074686609398e+02 2.089798074686605105e+02 3.042850449485069664e+00 3.042850449485069664e+00
