1.800000000000000000e+01 8.800000000000000000e+01 3.472249999999999837e+00 2.989898074686607288e+02 3.132609807468660620e+03 0.000000000000000000e+00 0.000000000000000000e+00
1.800000000000000000e+01 8.900000000000000000e+01 6.319689999999999586e+00 3.122198074686602922e+02 3.163309807468660438e+03 0.000000000000000000e+00 0.000000000000000000e+00
1.800000000000000000e+01 9.800000000000000000e+01 6.922500000000000320e-01 3.629678074686607943e+02 3.094253807468660398e+03 0.000000000000000000e+00 0.000000000000000000e+00
1.800000000000000000e+01 6.000000000000000000e+01 4.299380000000000202e+00 3.217758074686607870e+02 3.169343807468660543e+03 0.000000000000000000e+00 0.000000000000000000e+00
1.800000000000000000e+01 6.100000000000000000e+01 1.594689999999999941e+00 3.284658074686603868e+02 3.132575807468660514e+03 0.000000000000000000e+00 0.000000000000000000e+00
1.800000000000000000e+01 6.200000000000000000e+01 5.204880000000000173e+00 3.251438074686602704e+02 3.311563807468660798e+03 0.000000000000000000e+00 0.000000000000000000e+00
1.800000000000000000e+01 6.300000000000000000e+01 3.780060000000000198e+00 3.563558074686607142e+02 3.345769807468660474e+03 0.000000000000000000e+00 0.000000000000000000e+00
1.800000000000000000e+01 6.400000000000000000e+01 4.363690000000000069e+00 3.188418074686605905e+02 3.255399807468660583e+03 0.000000000000000000e+00 0.000000000000000000e+00
1.800000000000000000e+01 6.500000000000000000e+01 4.555749999999999744e+00 3.446358074686604596e+02 3.263763807468660616e+03 0.000000000000000000e+00 0.000000000000000000e+00
1.800000000000000000e+01 6.600000000000000000e+01 5.168000000000000149e+00 2.951758074686604232e+02 3.134617807468660430e+03 0.000000000000000000e+00 0.000000000000000000e+00
1.800000000000000000e+01 6.700000000000000000e+01 8.329499999999999460e+00 3.084638074686608888e+02 3.134783807468660598e+03 0.000000000000000000e+00 0.000000000000000000e+00
1.800000000000000000e+01 6.800000000000000000e+01 3.362130000000000063e+00 3.044618074686604814e+02 3.261125807468660696e+03 0.000000000000000000e+00 0.000000000000000000e+00
1.800000000000000000e+01 6.900000000000000000e+01 5.248000000000000220e+00 3.433038074686610344e+02 3.232449807468660765e+03 0.000000000000000000e+00 0.000000000000000000e+00
1.800000000000000000e+01 9.900000000000000000e+01 5.915630000000000166e+00 3.103338074686607797e+02 3.042643807468660725e+03 0.000000000000000000e+00 0.000000000000000000e+00
1.800000000000000000e+01 7.000000000000000000e+01 3.828939999999999788e+00 3.103278074686604668e+02 3.085773807468660380e+03 0.000000000000000000e+00 0.000000000000000000e+00
1.800000000000000000e+01 7.100000000000000000e+01 5.717880000000000074e+00 3.299498074686607652e+02 3.234761807468660663e+03 0.000000000000000000e+00 0.000000000000000000e+00
1.800000000000000000e+01 7.200000000000000000e+01 6.828750000000000320e+00 3.112118074686604814e+02 3.049047807468660721e+03 0.000000000000000000e+00 0.000000000000000000e+00
1.800000000000000000e+01 7.300000000000000000e+01 1.608630000000000004e+00 2.583018074686606269e+02 3.217513807468660616e+03 0.000000000000000000e+00 0.000000000000000000e+00
1.800000000000000000e+01 7.400000000000000000e+01 6.001750000000000362e+00 3.873638074686605250e+02 3.259489807468660729e+03 0.000000000000000000e+00 0.000000000000000000e+00
1.800000000000000000e+01 7.500000000000000000e+01 7.849499999999999922e+00 3.073138074686603431e+02 2.968733807468660416e+03 0.000000000000000000e+00 0.000000000000000000e+00
1.800000000000000000e+01 7.600000000000000000e+01 4.734379999999999811e+00 3.235078074686607579e+02 3.204971807468660700e+03 0.000000000000000000e+00 0.000000000000000000e+00
1.800000000000000000e+01 7.700000000000000000e+01 3.038250000000000117e+00 3.233198074686606560e+02 3.272577807468660467e+03 0.000000000000000000e+00 0.000000000000000000e+00
1.800000000000000000e+01 7.800000000000000000e+01 1.574310000000000098e+00 3.147378074686603213e+02 3.076399807468660583e+03 0.000000000000000000e+00 0.000000000000000000e+00
1.800000000000000000e+01 7.900000000000000000e+01 3.533630000000000049e+00 3.146438074686602704e+02 3.157687807468660594e+03 0.000000000000000000e+00 0.000000000000000000e+00
1.800000000000000000e+01 8.000000000000000000e+01 2.993630000000000013e+00 3.189098074686608015e+02 3.120917807468660612e+03 0.000000000000000000e+00 0.000000000000000000e+00
1.800000000000000000e+01 8.100000000000000000e+01 5.630560000000000009e+00 3.324698074686602922e+02 3.204777807468660740e+03 0.000000000000000000e+00 0.000000000000000000e+00
1.800000000000000000e+01 8.200000000000000000e+01 4.226750000000000007e+00 2.756978074686603577e+02 3.260129807468660601e+03 0.000000000000000000e+00 0.000000000000000000e+00
1.800000000000000000e+01 8.300000000000000000e+01 4.308309999999999640e+00 2.872238074686601976e+02 3.066911807468660754e+03 0.000000000000000000e+00 0.000000000000000000e+00
1.800000000000000000e+01 8.400000000000000000e+01 4.781310000000000393e+00 3.353778074686606487e+02 3.232035807468660551e+03 0.000000000000000000e+00 0.000000000000000000e+00
1.800000000000000000e+01 8.500000000000000000e+01 4.953940000000000232e+00 3.259658074686603868e+02 3.239457807468660576e+03 0.000000000000000000e+00 0.000000000000000000e+00
1.800000000000000000e+01 8.600000000000000000e+01 5.484810000000000407e+00 3.346338074686609616e+02 3.338727807468660558e+03 0.000000000000000000e+00 0.000000000000000000e+00
1.800000000000000000e+01 8.700000000000000000e+01 4.228810000000000180e+00 3.292778074686602849e+02 3.324219807468660747e+03 0.000000000000000000e+00 0.000000000000000000e+00
1.800000000000000000e+01 9.000000000000000000e+01 5.307750000000000412e+00 3.227098074686609834e+02 3.147927807468660376e+03 0.000000000000000000e+00 0.000000000000000000e+00
1.800000000000000000e+01 9.100000000000000000e+01 4.278500000000000192e+00 3.004658074686603868e+02 3.127875807468660696e+03 0.000000000000000000e+00 0.000000000000000000e+00
1.800000000000000000e+01 9.200000000000000000e+01 2.014380000000000059e+00 3.008458074686604959e+02 3.096979807468660510e+03 0.000000000000000000e+00 0.000000000000000000e+00
1.800000000000000000e+01 1.000000000000000000e+00 3.489630000000000010e+00 3.031518074686609907e+02 3.226375807468660696e+03 0.000000000000000000e+00 0.000000000000000000e+00
1.800000000000000000e+01 2.000000000000000000e+00 3.931810000000000027e+00 3.082898074686609107e+02 3.323191807468660500e+03 0.000000000000000000e+00 0.000000000000000000e+00
1.800000000000000000e+01 3.000000000000000000e+00 3.710630000000000095e+00 3.208278074686604668e+02 3.304159807468660802e+03 0.000000000000000000e+00 0.000000000000000000e+00
1.800000000000000000e+01 4.000000000000000000e+00 6.809879999999999711e+00 3.184618074686604814e+02 3.035607807468660667e+03 0.000000000000000000e+00 0.000000000000000000e+00
1.800000000000000000e+01 5.000000000000000000e+00 5.738629999999999676e+00 3.186058074686607142e+02 3.209535807468660551e+03 0.000000000000000000e+00 0.000000000000000000e+00
1.800000000000000000e+01 6.000000000000000000e+00 7.277750000000000163e+00 2.936098074686606196e+02 3.269599807468660401e+03 0.000000000000000000e+00 0.000000000000000000e+00
1.800000000000000000e+01 7.000000000000000000e+00 3.969559999999999977e+00 3.302618074686606633e+02 3.242491807468660681e+03 0.000000000000000000e+00 0.000000000000000000e+00
1.800000000000000000e+01 8.000000000000000000e+00 2.007249999999999979e+00 2.978378074686606851e+02 3.155727807468660558e+03 0.000000000000000000e+00 0.000000000000000000e+00
1.800000000000000000e+01 9.000000000000000000e+00 6.790379999999999860e+00 3.013698074686608379e+02 3.090843807468660543e+03 0.000000000000000000e+00 0.000000000000000000e+00
1.800000000000000000e+01 9.300000000000000000e+01 4.607129999999999725e+00 3.555798074686608743e+02 3.210723807468660652e+03 0.000000000000000000e+00 0.000000000000000000e+00
1.800000000000000000e+01 1.000000000000000000e+01 3.483439999999999870e+00 2.924078074686603941e+02 3.209311807468660390e+03 0.000000000000000000e+00 0.000000000000000000e+00
1.800000000000000000e+01 1.100000000000000000e+01 6.258799999999999919e-01 2.690358074686610053e+02 3.123131807468660554e+03 0.000000000000000000e+00 0.000000000000000000e+00
1.800000000000000000e+01 1.200000000000000000e+01 4.001879999999999882e+00 3.062298074686605105e+02 3.297513807468660616e+03 0.000000000000000000e+00 0.000000000000000000e+00
1.800000000000000000e+01 1.300000000000000000e+01 3.175310000000000077e+00 3.239818074686609179e+02 3.113043807468660816e+03 0.000000000000000000e+00 0.000000000000000000e+00
1.800000000000000000e+01 1.400000000000000000e+01 1.395000000000000018e+00 3.337038074686606706e+02 3.120107807468660667e+03 0.000000000000000000e+00 0.000000000000000000e+00
1.800000000000000000e+01 1.500000000000000000e+01 3.626129999999999853e+00 3.473818074686605542e+02 3.211519807468660474e+03 0.000000000000000000e+00 0.000000000000000000e+00
1.800000000000000000e+01 1.700000000000000000e+01 4.273439999999999905e+00 3.441678074686606124e+02 3.129037807468660503e+03 0.000000000000000000e+00 0.000000000000000000e+00
1.800000000000000000e+01 1.700000000000000000e+01 4.273439999999999905e+00 3.441678074686606124e+02 3.129037807468660503e+03 0.000000000000000000e+00 0.000000000000000000e+00
1.800000000000000000e+01 1.800000000000000000e+01 4.988000000000000433e+00 3.237638074686601612e+02 3.350769807468660474e+03 0.000000000000000000e+00 0.000000000000000000e+00
1.800000000000000000e+01 1.900000000000000000e+01 3.565380000000000216e+00 3.265218074686608816e+02 3.229847807468660449e+03 0.000000000000000000e+00 0.000000000000000000e+00
1.800000000000000000e+01 9.500000000000000000e+01 4.561749999999999972e+00 2.994118074686602995e+02 3.148427807468660376e+03 0.000000000000000000e+00 0.000000000000000000e+00
1.800000000000000000e+01 2.000000000000000000e+01 5.178749999999999964e+00 3.113558074686607142e+02 3.211809807468660438e+03 0.000000000000000000e+00 0.000000000000000000e+00
1.800000000000000000e+01 2.100000000000000000e+01 4.143250000000000099e+00 3.266838074686602340e+02 3.292577807468660467e+03 0.000000000000000000e+00 0.000000000000000000e+00
1.800000000000000000e+01 2.200000000000000000e+01 3.133500000000000174e+00 3.240358074686610053e+02 3.246183807468660689e+03 0.000000000000000000e+00 0.000000000000000000e+00
1.800000000000000000e+01 2.300000000000000000e+01 3.690249999999999808e+00 3.134538074686606706e+02 3.216485807468660369e+03 0.000000000000000000e+00 0.000000000000000000e+00
1.800000000000000000e+01 2.400000000000000000e+01 1.810000000000000053e+00 3.010358074686610053e+02 2.984333807468660780e+03 0.000000000000000000e+00 0.000000000000000000e+00
1.800000000000000000e+01 2.500000000000000000e+01 4.864880000000000315e+00 3.205018074686604450e+02 3.235793807468660816e+03 0.000000000000000000e+00 0.000000000000000000e+00
1.800000000000000000e+01 2.600000000000000000e+01 2.597309999999999786e+00 3.445138074686601612e+02 3.328951807468660718e+03 0.000000000000000000e+00 0.000000000000000000e+00
1.800000000000000000e+01 2.700000000000000000e+01 8.561900000000000066e-01 3.400158074686605687e+02 3.103077807468660467e+03 0.000000000000000000e+00 0.000000000000000000e+00
1.800000000000000000e+01 2.800000000000000000e+01 6.496749999999999581e+00 2.920218074686608816e+02 3.058921807468660518e+03 0.000000000000000000e+00 0.000000000000000000e+00
1.800000000000000000e+01 2.900000000000000000e+01 4.711689999999999934e+00 3.359798074686605105e+02 3.219385807468660460e+03 0.000000000000000000e+00 0.000000000000000000e+00
1.800000000000000000e+01 9.500000000000000000e+01 4.561749999999999972e+00 2.994118074686602995e+02 3.148427807468660376e+03 0.000000000000000000e+00 0.000000000000000000e+00
1.800000000000000000e+01 3.000000000000000000e+01 4.780000000000000249e+00 3.430858074686602777e+02 3.262331807468660372e+03 0.000000000000000000e+00 0.000000000000000000e+00
1.800000000000000000e+01 3.100000000000000000e+01 5.094999999999999751e+00 3.049638074686608888e+02 3.370021807468660427e+03 0.000000000000000000e+00 0.000000000000000000e+00
1.800000000000000000e+01 3.200000000000000000e+01 8.169499999999999318e+00 3.640038074686608525e+02 3.068079807468660420e+03 0.000000000000000000e+00 0.000000000000000000e+00
1.800000000000000000e+01 3.300000000000000000e+01 1.568629999999999969e+00 3.055438074686608161e+02 3.097965807468660387e+03 0.000000000000000000e+00 0.000000000000000000e+00
1.800000000000000000e+01 3.400000000000000000e+01 4.311560000000000059e+00 3.036718074686605178e+02 3.373951807468660718e+03 0.000000000000000000e+00 0.000000000000000000e+00
1.800000000000000000e+01 3.500000000000000000e+01 2.119250000000000078e+00 2.834178074686606124e+02 2.862129807468660601e+03 0.000000000000000000e+00 0.000000000000000000e+00
1.800000000000000000e+01 3.600000000000000000e+01 4.535689999999999777e+00 3.448198074686606560e+02 3.396033807468660598e+03 0.000000000000000000e+00 0.000000000000000000e+00
1.800000000000000000e+01 3.700000000000000000e+01 3.739500000000000046e+00 3.194158074686602049e+02 3.236315807468660751e+03 0.000000000000000000e+00 0.000000000000000000e+00
1.800000000000000000e+01 3.800000000000000000e+01 3.436630000000000074e+00 3.015278074686602849e+02 3.328191807468660500e+03 0.000000000000000000e+00 0.000000000000000000e+00
1.800000000000000000e+01 3.900000000000000000e+01 4.755440000000000111e+00 3.531518074686609907e+02 3.297879807468660601e+03 0.000000000000000000e+00 0.000000000000000000e+00
1.800000000000000000e+01 9.600000000000000000e+01 4.953999999999999737e+00 3.325498074686602195e+02 3.300313807468660798e+03 0.000000000000000000e+00 0.000000000000000000e+00
1.800000000000000000e+01 4.000000000000000000e+01 5.563130000000000130e+00 2.869838074686604159e+02 3.358091807468660591e+03 0.000000000000000000e+00 0.000000000000000000e+00
1.800000000000000000e+01 4.100000000000000000e+01 4.644499999999999851e+00 3.611858074686606415e+02 3.203659807468660802e+03 0.000000000000000000e+00 0.000000000000000000e+00
1.800000000000000000e+01 4.200000000000000000e+01 4.939560000000000173e+00 3.220238074686603795e+02 3.279741807468660681e+03 0.000000000000000000e+00 0.000000000000000000e+00
1.800000000000000000e+01 4.300000000000000000e+01 3.436249999999999805e+00 3.182998074686602195e+02 3.315155807468660441e+03 0.000000000000000000e+00 0.000000000000000000e+00
1.800000000000000000e+01 4.400000000000000000e+01 4.524999999999999856e-02 3.219118074686602995e+02 3.227957807468660576e+03 0.000000000000000000e+00 0.000000000000000000e+00
1.800000000000000000e+01 4.500000000000000000e+01 1.871380000000000043e+00 3.161478074686601758e+02 3.005637807468660412e+03 0.000000000000000000e+00 0.000000000000000000e+00
1.800000000000000000e+01 4.600000000000000000e+01 2.595499999999999918e+00 3.004578074686605760e+02 3.383141807468660772e+03 0.000000000000000000e+00 0.000000000000000000e+00
1.800000000000000000e+01 4.700000000000000000e+01 7.078310000000000102e+00 3.343838074686609616e+02 3.009177807468660376e+03 0.000000000000000000e+00 0.000000000000000000e+00
1.800000000000000000e+01 4.900000000000000000e+01 4.907499999999999751e+00 3.228118074686608452e+02 3.327835807468660732e+03 0.000000000000000000e+00 0.000000000000000000e+00
1.800000000000000000e+01 4.900000000000000000e+01 4.907499999999999751e+00 3.228118074686608452e+02 3.327835807468660732e+03 0.000000000000000000e+00 0.000000000000000000e+00
1.800000000000000000e+01 9.700000000000000000e+01 4.018250000000000099e+00 3.325738074686605614e+02 3.498695807468660405e+03 0.000000000000000000e+00 0.000000000000000000e+00
1.800000000000000000e+01 5.000000000000000000e+01 4.600810000000000066e+00 2.989438074686604523e+02 3.158071807468660609e+03 0.000000000000000000e+00 0.000000000000000000e+00
1.800000000000000000e+01 5.100000000000000000e+01 5.706249999999999822e+00 3.325518074686606269e+02 3.174429807468660783e+03 0.000000000000000000e+00 0.000000000000000000e+00
1.800000000000000000e+01 5.200000000000000000e+01 4.417500000000000426e+00 2.621878074686601394e+02 3.081487807468660776e+03 0.000000000000000000e+00 0.000000000000000000e+00
1.800000000000000000e+01 5.300000000000000000e+01 2.224749999999999783e+00 3.339318074686607360e+02 3.081059807468660438e+03 0.000000000000000000e+00 0.000000000000000000e+00
1.800000000000000000e+01 5.400000000000000000e+01 4.433629999999999960e+00 3.483978074686601758e+02 3.209691807468660500e+03 0.000000000000000000e+00 0.000000000000000000e+00
1.800000000000000000e+01 5.500000000000000000e+01 5.967880000000000074e+00 3.858978074686601758e+02 3.295711807468660481e+03 0.000000000000000000e+00 0.000000000000000000e+00
1.800000000000000000e+01 5.600000000000000000e+01 4.457379999999999676e+00 3.393118074686608452e+02 3.305511807468660663e+03 0.000000000000000000e+00 0.000000000000000000e+00
1.800000000000000000e+01 5.700000000000000000e+01 3.388999999999999790e+00 2.950398074686609107e+02 3.232937807468660594e+03 0.000000000000000000e+00 0.000000000000000000e+00
1.800000000000000000e+01 5.800000000000000000e+01 3.553440000000000154e+00 2.959658074686603868e+02 3.333355807468660714e+03 0.000000000000000000e+00 0.000000000000000000e+00
1.800000000000000000e+01 5.900000000000000000e+01 3.357000000000000206e+00 2.804458074686608597e+02 3.063729807468660510e+03 0.000000000000000000e+00 0.000000000000000000e+00
