6.000000000000000000e+00 1.000000000000000000e+00 3.222630000000000106e+00 2.059118074686602995e+02 5.785178074686609762e+02 3.263879413160663421e-87 3.263879413160663421e-87
6.000000000000000000e+00 2.000000000000000000e+00 3.644060000000000077e+00 2.080218074686608816e+02 6.246638074686607069e+02 8.942072824401868829e-97 8.942072824401868829e-97
6.000000000000000000e+00 1.100000000000000000e+01 2.862439999999999873e+00 1.909638074686608888e+02 5.436998074686607652e+02 6.736739943128089733e-83 6.736739943128089733e-83
6.000000000000000000e+00 1.200000000000000000e+01 4.248689999999999856e+00 2.372738074686603795e+02 6.389038074686604887e+02 1.626494442186354216e-93 1.626494442186354216e-93
6.000000000000000000e+00 1.300000000000000000e+01 2.464809999999999945e+00 2.395078074686607579e+02 5.777738074686603795e+02 9.344807495512953879e-80 9.344807495512953879e-80
6.000000000000000000e+00 1.400000000000000000e+01 3.846750000000000114e+00 2.349378074686601394e+02 5.703678074686604305e+02 3.858335018135485968e-79 3.858335018135485968e-79
6.000000000000000000e+00 1.500000000000000000e+01 3.540189999999999948e+00 2.514138074686607069e+02 6.028278074686604668e+02 1.304723351289509898e-82 1.304723351289509898e-82
6.000000000000000000e+00 1.600000000000000000e+01 2.299999999999999961e-02 2.072638074686601612e+02 5.935278074686602849e+02 3.531320113636019160e-90 3.531320113636019160e-90
6.000000000000000000e+00 1.700000000000000000e+01 3.410940000000000083e+00 2.318578074686602122e+02 5.760198074686604741e+02 4.900836642740362010e-81 4.900836642740362010e-81
6.000000000000000000e+00 1.800000000000000000e+01 5.337999999999999690e-02 2.227778074686602849e+02 6.291338074686609616e+02 1.531139367462533560e-94 1.531139367462533560e-94
6.000000000000000000e+00 1.900000000000000000e+01 3.771749999999999936e+00 2.237338074686604159e+02 5.956058074686607142e+02 4.711076753199860271e-87 4.711076753199860271e-87
6.000000000000000000e+00 2.000000000000000000e+01 2.047750000000000181e+00 1.995878074686606851e+02 5.600558074686605323e+02 1.410806057368253057e-84 1.410806057368253057e-84
6.000000000000000000e+00 3.000000000000000000e+00 2.562440000000000051e+00 2.062778074686602849e+02 5.956118074686610271e+02 7.608430158248253423e-91 7.608430158248253423e-91
6.000000000000000000e+00 2.100000000000000000e+01 2.788879999999999804e+00 2.205338074686605978e+02 6.191598074686608015e+02 7.304035837849717289e-93 7.304035837849717289e-93
6.000000000000000000e+00 2.200000000000000000e+01 4.233380000000000365e+00 2.286998074686607652e+02 6.336798074686603286e+02 3.046557129035303611e-94 3.046557129035303611e-94
6.000000000000000000e+00 2.300000000000000000e+01 2.696000000000000174e+00 2.202158074686603868e+02 5.758958074686606778e+02 1.545853399432354951e-83 1.545853399432354951e-83
6.000000000000000000e+00 2.400000000000000000e+01 3.031880000000000130e+00 2.323138074686603431e+02 5.524338074686602340e+02 8.145620892040923458e-76 8.145620892040923458e-76
6.000000000000000000e+00 2.500000000000000000e+01 3.469749999999999890e+00 2.220138074686601612e+02 5.920698074686606560e+02 1.168044985828064278e-86 1.168044985828064278e-86
6.000000000000000000e+00 2.600000000000000000e+01 3.893130000000000202e+00 2.470878074686606851e+02 6.687318074686609179e+02 7.332763923329082811e-98 7.332763923329082811e-98
6.000000000000000000e+00 2.700000000000000000e+01 2.071379999999999999e+00 2.421138074686605250e+02 5.806398074686603650e+02 8.205632764641243272e-80 8.205632764641243272e-80
6.000000000000000000e+00 2.800000000000000000e+01 3.417250000000000121e+00 2.084338074686602340e+02 5.462378074686603213e+02 1.177314206409368752e-79 1.177314206409368752e-79
6.000000000000000000e+00 2.900000000000000000e+01 2.139810000000000212e+00 2.239898074686607288e+02 5.765858074686602777e+02 7.225208703988123964e-83 7.225208703988123964e-83
6.000000000000000000e+00 3.000000000000000000e+01 3.035190000000000055e+00 2.340038074686608525e+02 6.133498074686604014e+02 1.122436293514850526e-88 1.122436293514850526e-88
6.000000000000000000e+00 4.000000000000000000e+00 2.837880000000000180e+00 2.379618074686604814e+02 5.437218074686606997e+02 1.069445293769716989e-72 1.069445293769716989e-72
6.000000000000000000e+00 3.100000000000000000e+01 2.097809999999999953e+00 2.001058074686607142e+02 6.376978074686603577e+02 2.524663518479261833e-101 2.524663518479261833e-101
6.000000000000000000e+00 3.200000000000000000e+01 1.509880000000000111e+00 2.429538074686606706e+02 5.299478074686603577e+02 1.270994576436417027e-68 1.270994576436417027e-68
6.000000000000000000e+00 3.300000000000000000e+01 3.887560000000000127e+00 2.184678074686607943e+02 5.699758074686606051e+02 1.244820106807164469e-82 1.244820106807164469e-82
6.000000000000000000e+00 3.400000000000000000e+01 3.386130000000000084e+00 2.100558074686605323e+02 6.404298074686603286e+02 9.323356476666101220e-100 9.323356476666101220e-100
6.000000000000000000e+00 3.500000000000000000e+01 2.701309999999999878e+00 2.140458074686603140e+02 4.882298074686605105e+02 7.687760656138082121e-66 7.687760656138082121e-66
6.000000000000000000e+00 3.600000000000000000e+01 3.515499999999999847e+00 2.389858074686608234e+02 6.760818074686603723e+02 3.235255141203307045e-101 3.235255141203307045e-101
6.000000000000000000e+00 3.700000000000000000e+01 3.229439999999999866e+00 2.111518074686609907e+02 5.750458074686603140e+02 2.544022032297401259e-85 2.544022032297401259e-85
6.000000000000000000e+00 3.800000000000000000e+01 3.561560000000000059e+00 2.082958074686603140e+02 6.340258074686607870e+02 9.506137169326987192e-99 9.506137169326987192e-99
6.000000000000000000e+00 3.900000000000000000e+01 2.701499999999999790e+00 2.469038074686604887e+02 6.343538074686603068e+02 1.951643368829869339e-90 1.951643368829869339e-90
6.000000000000000000e+00 4.000000000000000000e+01 3.104499999999999815e+00 1.870458074686603140e+02 6.193338074686607797e+02 3.580572489316487863e-100 3.580572489316487863e-100
6.000000000000000000e+00 5.000000000000000000e+00 2.533630000000000049e+00 2.225258074686607870e+02 5.941758074686604232e+02 5.264133169827704838e-87 5.264133169827704838e-87
6.000000000000000000e+00 4.100000000000000000e+01 2.494439999999999991e+00 2.482358074686608234e+02 5.815398074686609107e+02 1.117004618680416461e-78 1.117004618680416461e-78
6.000000000000000000e+00 4.200000000000000000e+01 2.346249999999999947e+00 2.185298074686606924e+02 6.087418074686602267e+02 4.905008686181338455e-91 4.905008686181338455e-91
6.000000000000000000e+00 4.300000000000000000e+01 3.689750000000000085e+00 2.228798074686601467e+02 6.377798074686606924e+02 2.136528528376272930e-96 2.136528528376272930e-96
6.000000000000000000e+00 4.400000000000000000e+01 3.188750000000000195e+00 2.222578074686607579e+02 6.069438074686604523e+02 7.773121109387197181e-90 7.773121109387197181e-90
6.000000000000000000e+00 4.500000000000000000e+01 3.463060000000000027e+00 2.356998074686607652e+02 5.265278074686602849e+02 1.868965030508023268e-69 1.868965030508023268e-69
6.000000000000000000e+00 4.600000000000000000e+01 1.932940000000000103e+00 2.088358074686602777e+02 6.659978074686605396e+02 1.421124082448021171e-105 1.421124082448021171e-105
6.000000000000000000e+00 4.700000000000000000e+01 2.822130000000000027e+00 2.282298074686605105e+02 5.268258074686609689e+02 3.844159578935935248e-71 3.844159578935935248e-71
6.000000000000000000e+00 4.800000000000000000e+01 3.190189999999999859e+00 2.280038074686608525e+02 6.276258074686602413e+02 4.438990784801240377e-93 4.438990784801240377e-93
6.000000000000000000e+00 4.900000000000000000e+01 2.025440000000000129e+00 1.962258074686606051e+02 5.822238074686601976e+02 4.033650393907667416e-90 4.033650393907667416e-90
6.000000000000000000e+00 5.000000000000000000e+01 2.184250000000000025e+00 1.994758074686606051e+02 5.596038074686603068e+02 1.672235264070869887e-84 1.672235264070869887e-84
6.000000000000000000e+00 6.000000000000000000e+00 3.785000000000000031e-01 2.022998074686602195e+02 6.003278074686604668e+02 9.849562617531153270e-93 9.849562617531153270e-93
6.000000000000000000e+00 5.100000000000000000e+01 2.362560000000000215e+00 2.118978074686601758e+02 5.713398074686601831e+02 2.356461696720138972e-84 2.356461696720138972e-84
6.000000000000000000e+00 5.200000000000000000e+01 2.749629999999999797e+00 1.945498074686602195e+02 5.691138074686605250e+02 1.226195751930386151e-87 1.226195751930386151e-87
6.000000000000000000e+00 5.300000000000000000e+01 3.030250000000000110e+00 2.322698074686604741e+02 5.465718074686601540e+02 1.493780691354312901e-74 1.493780691354312901e-74
6.000000000000000000e+00 5.400000000000000000e+01 3.176060000000000105e+00 2.374018074686609907e+02 5.883618074686610271e+02 1.637205830596987925e-82 1.637205830596987925e-82
6.000000000000000000e+00 5.500000000000000000e+01 2.358060000000000045e+00 2.824378074686601394e+02 6.352558074686603504e+02 6.466119238296137253e-83 6.466119238296137253e-83
6.000000000000000000e+00 5.600000000000000000e+01 2.252439999999999998e+00 2.213318074686603723e+02 6.017158074686603868e+02 6.679790854891758882e-89 6.679790854891758882e-89
6.000000000000000000e+00 5.700000000000000000e+01 3.365880000000000205e+00 2.133558074686607142e+02 5.884678074686607943e+02 9.323159607414134948e-88 9.323159607414134948e-88
6.000000000000000000e+00 5.800000000000000000e+01 3.365629999999999900e+00 2.018998074686605833e+02 6.294538074686606706e+02 3.818805234467696258e-99 3.818805234467696258e-99
6.000000000000000000e+00 5.900000000000000000e+01 2.279560000000000031e+00 2.034678074686607943e+02 5.393678074686604305e+02 3.050287193440672513e-79 3.050287193440672513e-79
6.000000000000000000e+00 6.000000000000000000e+01 2.865060000000000162e+00 2.314838074686604159e+02 5.761518074686609907e+02 3.805342247152172418e-81 3.805342247152172418e-81
6.000000000000000000e+00 7.000000000000000000e+00 2.929559999999999942e+00 2.319138074686607069e+02 6.012538074686608525e+02 1.670848195401267631e-86 1.670848195401267631e-86
6.000000000000000000e+00 6.100000000000000000e+01 3.969129999999999825e+00 2.308658074686609325e+02 5.761598074686608015e+02 2.782656185525680807e-81 2.782656185525680807e-81
6.000000000000000000e+00 6.200000000000000000e+01 3.692880000000000162e+00 2.186258074686602413e+02 6.256058074686607142e+02 1.120765734125871407e-94 1.120765734125871407e-94
6.000000000000000000e+00 6.300000000000000000e+01 2.710749999999999993e+00 2.403878074686608670e+02 6.564458074686608597e+02 1.197435670310586352e-96 1.197435670310586352e-96
6.000000000000000000e+00 6.400000000000000000e+01 2.855999999999999872e+00 2.030118074686606633e+02 5.955638074686603431e+02 1.522352542810626568e-91 1.522352542810626568e-91
6.000000000000000000e+00 6.500000000000000000e+01 3.333940000000000126e+00 2.281178074686604305e+02 6.145398074686609107e+02 3.263080770995061049e-90 3.263080770995061049e-90
6.000000000000000000e+00 6.600000000000000000e+01 3.420440000000000147e+00 2.166178074686604305e+02 5.556778074686608306e+02 6.282832042218008981e-80 6.282832042218008981e-80
6.000000000000000000e+00 6.700000000000000000e+01 2.949809999999999821e+00 2.005598074686604377e+02 5.393498074686604014e+02 7.190932382221171051e-80 7.190932382221171051e-80
6.000000000000000000e+00 6.800000000000000000e+01 3.543940000000000090e+00 1.900598074686604377e+02 5.905098074686602558e+02 2.934177131413609276e-93 2.934177131413609276e-93
6.000000000000000000e+00 6.900000000000000000e+01 2.572499999999999787e+00 2.089578074686605760e+02 5.678178074686602486e+02 3.152391001307538374e-84 3.152391001307538374e-84
6.000000000000000000e+00 7.000000000000000000e+01 2.137999999999999970e-02 2.253938074686602704e+02 5.418018074686606269e+02 5.211644119752773358e-75 5.211644119752773358e-75
6.000000000000000000e+00 8.000000000000000000e+00 1.985880000000000090e+00 2.124338074686602340e+02 5.644998074686609471e+02 9.417560831236123422e-83 9.417560831236123422e-83
6.000000000000000000e+00 7.100000000000000000e+01 2.912249999999999783e+00 2.194818074686609179e+02 5.942078074686605760e+02 1.130789986906745813e-87 1.130789986906745813e-87
6.000000000000000000e+00 7.200000000000000000e+01 3.859249999999999847e+00 2.296958074686608597e+02 5.421218074686603359e+02 3.816410354306069967e-74 3.816410354306069967e-74
6.000000000000000000e+00 7.300000000000000000e+01 1.961000000000000076e+00 1.843858074686604596e+02 5.687698074686604741e+02 9.040113873081114022e-90 9.040113873081114022e-90
6.000000000000000000e+00 7.400000000000000000e+01 2.633630000000000138e+00 2.599398074686605469e+02 6.248198074686606560e+02 1.553866445637889143e-85 1.553866445637889143e-85
6.000000000000000000e+00 7.500000000000000000e+01 4.089129999999999932e+00 2.091818074686607360e+02 4.988578074686602122e+02 3.324717865511267231e-69 3.324717865511267231e-69
6.000000000000000000e+00 7.600000000000000000e+01 2.985189999999999788e+00 2.227458074686610416e+02 5.807218074686606997e+02 4.904539539837141714e-84 4.904539539837141714e-84
6.000000000000000000e+00 7.700000000000000000e+01 2.818000000000000060e+00 2.117698074686604741e+02 5.818858074686604596e+02 1.133524039480864312e-86 1.133524039480864312e-86
6.000000000000000000e+00 7.800000000000000000e+01 2.336380000000000123e+00 2.119498074686607652e+02 5.403178074686602486e+02 1.317934267577856701e-77 1.317934267577856701e-77
6.000000000000000000e+00 7.900000000000000000e+01 3.560999999999999943e+00 2.315398074686609107e+02 5.981598074686608015e+02 6.509947547239868781e-86 6.509947547239868781e-86
6.000000000000000000e+00 8.000000000000000000e+01 2.724130000000000162e+00 2.280358074686610053e+02 5.596258074686602413e+02 2.631754291932620369e-78 2.631754291932620369e-78
6.000000000000000000e+00 9.000000000000000000e+00 3.309060000000000112e+00 2.108018074686606269e+02 5.293418074686605905e+02 1.794803196315801250e-75 1.794803196315801250e-75
6.000000000000000000e+00 8.100000000000000000e+01 2.688629999999999853e+00 2.337658074686605687e+02 6.013358074686602777e+02 4.048439097999953462e-86 4.048439097999953462e-86
6.000000000000000000e+00 8.200000000000000000e+01 3.055750000000000188e+00 1.851078074686602122e+02 5.677258074686606051e+02 2.186029048101874400e-89 2.186029048101874400e-89
6.000000000000000000e+00 8.300000000000000000e+01 3.398690000000000211e+00 1.902358074686608234e+02 5.259778074686610125e+02 3.301033984296313279e-79 3.301033984296313279e-79
6.000000000000000000e+00 8.400000000000000000e+01 2.587190000000000101e+00 2.121338074686609616e+02 5.886998074686607652e+02 4.506413412500139478e-88 4.506413412500139478e-88
6.000000000000000000e+00 8.500000000000000000e+01 4.846440000000000303e+00 2.228378074686606851e+02 5.988598074686606196e+02 5.915059667781328577e-88 5.915059667781328577e-88
6.000000000000000000e+00 8.600000000000000000e+01 2.562629999999999963e+00 2.308218074686601540e+02 6.335798074686608743e+02 9.253595168523596768e-94 9.253595168523596768e-94
6.000000000000000000e+00 8.700000000000000000e+01 3.314130000000000020e+00 2.172638074686601612e+02 6.087018074686602631e+02 2.657157291405635104e-91 2.657157291405635104e-91
6.000000000000000000e+00 8.800000000000000000e+01 2.844500000000000028e+00 2.121538074686604887e+02 5.770418074686604086e+02 1.547663394229035003e-85 1.547663394229035003e-85
6.000000000000000000e+00 8.900000000000000000e+01 2.984879999999999978e+00 1.831378074686608670e+02 5.380698074686606560e+02 2.246955345235507793e-83 2.246955345235507793e-83
6.000000000000000000e+00 9.000000000000000000e+01 1.909810000000000008e+00 2.213458074686604959e+02 5.627858074686610053e+02 1.911371105802249908e-80 1.911371105802249908e-80
6.000000000000000000e+00 1.000000000000000000e+01 2.209630000000000205e+00 1.986718074686605178e+02 5.861658074686602049e+02 1.909176067860391825e-90 1.909176067860391825e-90
6.000000000000000000e+00 9.100000000000000000e+01 2.256380000000000052e+00 1.955358074686610053e+02 5.484918074686602267e+02 6.035001601671711863e-83 6.035001601671711863e-83
6.000000000000000000e+00 9.200000000000000000e+01 4.148629999999999818e+00 2.150198074686604741e+02 5.501998074686607652e+02 4.372066357213791015e-79 4.372066357213791015e-79
6.000000000000000000e+00 9.300000000000000000e+01 1.358060000000000045e+00 2.365298074686606924e+02 5.749438074686604523e+02 8.678258205478172727e-80 8.678258205478172727e-80
6.000000000000000000e+00 9.400000000000000000e+01 3.272940000000000182e+00 2.169038074686604887e+02 5.814618074686604814e+02 1.825303557235171499e-85 1.825303557235171499e-85
6.000000000000000000e+00 9.500000000000000000e+01 2.333000000000000185e+00 2.044378074686601394e+02 5.490018074686604450e+02 4.008455215111934974e-81 4.008455215111934974e-81
6.000000000000000000e+00 9.600000000000000000e+01 2.770500000000000185e+00 2.271358074686604596e+02 6.094298074686603286e+02 2.570464644036458589e-89 2.570464644036458589e-89
6.000000000000000000e+00 9.700000000000000000e+01 3.915439999999999809e+00 2.354278074686608306e+02 6.952338074686604159e+02 3.788739048329291772e-106 3.788739048329291772e-106
6.000000000000000000e+00 9.800000000000000000e+01 2.727380000000000138e+00 2.539118074686602995e+02 5.519938074686606342e+02 4.970671810028707144e-71 4.970671810028707144e-71
6.000000000000000000e+00 9.900000000000000000e+01 3.545059999999999878e+00 1.958398074686601831e+02 5.276818074686607360e+02 2.320193656852247040e-78 2.320193656852247040e-78
