1.400000000000000000e+01 1.800000000000000000e+01 6.207500000000000240e-01 2.224638074686608888e+02 2.342818074686601904e+02 1.504417347553122647e-02 1.504417347553122647e-02
1.400000000000000000e+01 1.900000000000000000e+01 3.946899999999999853e-01 2.222418074686602267e+02 2.271618074686602995e+02 4.734237059431908867e-01 4.734237059431908867e-01
1.400000000000000000e+01 2.800000000000000000e+01 1.622500000000000053e-01 2.125078074686607579e+02 2.130438074686608161e+02 4.238610455491642171e+00 4.238610455491642171e+00
1.400000000000000000e+01 2.900000000000000000e+01 4.575600000000000223e-01 2.257418074686602267e+02 2.289338074686602340e+02 1.123260360682833747e+00 1.123260360682833747e+00
1.400000000000000000e+01 1.000000000000000000e+00 6.179999999999999938e-01 2.050718074686601540e+02 2.140698074686606560e+02 6.162026364684938806e-02 6.162026364684938806e-02
1.400000000000000000e+01 2.000000000000000000e+00 3.572500000000000120e-01 2.088638074686605250e+02 2.092798074686606924e+02 4.500711488210053624e+00 4.500711488210053624e+00
1.400000000000000000e+01 3.000000000000000000e+00 6.494999999999999662e-01 2.097538074686608525e+02 2.144278074686608306e+02 5.353874935584052031e-01 5.353874935584052031e-01
1.400000000000000000e+01 4.000000000000000000e+00 1.371900000000000064e-01 2.381858074686606415e+02 2.389478074686603577e+02 3.785717726297652685e+00 3.785717726297652685e+00
1.400000000000000000e+01 5.000000000000000000e+00 4.283799999999999830e-01 2.222078074686605760e+02 2.271498074686605833e+02 4.682445825790558791e-01 4.682445825790558791e-01
1.400000000000000000e+01 6.000000000000000000e+00 1.006750000000000034e+00 2.033858074686604596e+02 2.062138074686608888e+02 1.347479072097463426e+00 1.347479072097463426e+00
1.400000000000000000e+01 7.000000000000000000e+00 2.523099999999999787e-01 2.327578074686607579e+02 2.319358074686606415e+02 8.358136476756472533e+00 8.358136476756472533e+00
1.400000000000000000e+01 8.000000000000000000e+00 3.666900000000000159e-01 2.129038074686604887e+02 2.170278074686602849e+02 7.048540582101957552e-01 7.048540582101957552e-01
1.400000000000000000e+01 9.000000000000000000e+00 4.137500000000000067e-01 2.086578074686603941e+02 2.153198074686606560e+02 1.981433525981331489e-01 1.981433525981331489e-01
1.400000000000000000e+01 3.000000000000000000e+01 1.721900000000000097e-01 2.333998074686605833e+02 2.352838074686605978e+02 2.160274923013413062e+00 2.160274923013413062e+00
1.400000000000000000e+01 1.000000000000000000e+01 1.316299999999999970e-01 2.002258074686606051e+02 2.128678074686604305e+02 9.964121305981149535e-03 9.964121305981149535e-03
1.400000000000000000e+01 1.100000000000000000e+01 4.525600000000000178e-01 1.922418074686602267e+02 1.936178074686604305e+02 2.784965520215429979e+00 2.784965520215429979e+00
1.400000000000000000e+01 1.200000000000000000e+01 1.221300000000000024e-01 2.389658074686603868e+02 2.382618074686606633e+02 7.879271834175650469e+00 7.879271834175650469e+00
1.400000000000000000e+01 1.300000000000000000e+01 2.274400000000000033e-01 2.422958074686603140e+02 2.450398074686609107e+02 1.405278484522528570e+00 1.405278484522528570e+00
1.400000000000000000e+01 1.400000000000000000e+01 7.191300000000000470e-01 2.274698074686602922e+02 2.378498074686604014e+02 3.087635781366683194e-02 3.087635781366683194e-02
1.400000000000000000e+01 1.500000000000000000e+01 7.481299999999999617e-01 2.498598074686606196e+02 2.560978074686609034e+02 2.449344862565438208e-01 2.449344862565438208e-01
1.400000000000000000e+01 1.600000000000000000e+01 2.776899999999999924e-01 2.080718074686601540e+02 2.194378074686601394e+02 1.885900977314305949e-02 1.885900977314305949e-02
1.400000000000000000e+01 1.700000000000000000e+01 8.268100000000000449e-01 2.275618074686608452e+02 2.401538074686604887e+02 1.021636423776301969e-02 1.021636423776301969e-02
1.400000000000000000e+01 3.100000000000000000e+01 2.891299999999999981e-01 2.008638074686605250e+02 2.173518074686608088e+02 1.456433693377236520e-03 1.456433693377236520e-03
1.400000000000000000e+01 3.200000000000000000e+01 7.150600000000000289e-01 2.419978074686605396e+02 2.510038074686608525e+02 6.137427489775091477e-02 6.137427489775091477e-02
1.400000000000000000e+01 3.300000000000000000e+01 4.991300000000000181e-01 2.193738074686607433e+02 2.220038074686608525e+02 1.487706232863920341e+00 1.487706232863920341e+00
1.400000000000000000e+01 3.400000000000000000e+01 3.654399999999999871e-01 2.079198074686610198e+02 2.121638074686607069e+02 6.638065533753261249e-01 6.638065533753261249e-01
1.400000000000000000e+01 3.500000000000000000e+01 2.815599999999999770e-01 2.140298074686606924e+02 2.221158074686609325e+02 9.722139221343062410e-02 9.722139221343062410e-02
1.400000000000000000e+01 3.600000000000000000e+01 1.124630000000000019e+00 2.377158074686603868e+02 2.500818074686603723e+02 1.143856763923146135e-02 1.143856763923146135e-02
1.400000000000000000e+01 3.700000000000000000e+01 1.616190000000000015e+00 2.109318074686607360e+02 2.132798074686606924e+02 1.712981625480180181e+00 1.712981625480180181e+00
1.400000000000000000e+01 2.000000000000000000e+01 5.457499999999999574e-01 2.008558074686607142e+02 2.074278074686608306e+02 2.072634670733786155e-01 2.072634670733786155e-01
1.400000000000000000e+01 3.800000000000000000e+01 3.586900000000000088e-01 2.119698074686602922e+02 2.183278074686604668e+02 2.306706122081041421e-01 2.306706122081041421e-01
1.400000000000000000e+01 3.900000000000000000e+01 2.796299999999999897e-01 2.482638074686601612e+02 2.487078074686605760e+02 4.438140545959035066e+00 4.438140545959035066e+00
1.400000000000000000e+01 4.000000000000000000e+01 7.928800000000000292e-01 1.889038074686604887e+02 1.997738074686603795e+02 2.416706538513943223e-02 2.416706538513943223e-02
1.400000000000000000e+01 4.100000000000000000e+01 5.859999999999999654e-01 2.482058074686601685e+02 2.526098074686606196e+02 6.127706802591023072e-01 6.127706802591023072e-01
1.400000000000000000e+01 4.200000000000000000e+01 4.901900000000000146e-01 2.191378074686608670e+02 2.243658074686609325e+02 4.058528971886546377e-01 4.058528971886546377e-01
1.400000000000000000e+01 4.300000000000000000e+01 3.866299999999999737e-01 2.239058074686608961e+02 2.234218074686605178e+02 7.058520670337345315e+00 7.058520670337345315e+00
1.400000000000000000e+01 4.400000000000000000e+01 2.589400000000000035e-01 2.238058074686605323e+02 2.262558074686603504e+02 1.627809901707893747e+00 1.627809901707893747e+00
1.400000000000000000e+01 4.500000000000000000e+01 3.272499999999999853e-01 2.437638074686601612e+02 2.424618074686604814e+02 1.062527389434468539e+01 1.062527389434468539e+01
1.400000000000000000e+01 4.600000000000000000e+01 8.934999999999999609e-01 2.156678074686606124e+02 2.201098074686606196e+02 6.012379452578497929e-01 6.012379452578497929e-01
1.400000000000000000e+01 4.700000000000000000e+01 1.887500000000000011e-01 2.291238074686607433e+02 2.333718074686603359e+02 6.624802669970805136e-01 6.624802669970805136e-01
1.400000000000000000e+01 2.100000000000000000e+01 1.099939999999999918e+00 2.190398074686609107e+02 2.211898074686605469e+02 1.891245284456563924e+00 1.891245284456563924e+00
1.400000000000000000e+01 4.800000000000000000e+01 2.328099999999999892e-01 2.280478074686607215e+02 2.330358074686610053e+02 4.575978637845262154e-01 4.575978637845262154e-01
1.400000000000000000e+01 4.900000000000000000e+01 5.013000000000000095e-02 1.969018074686609907e+02 2.116778074686608306e+02 3.428047207369039947e-03 3.428047207369039947e-03
1.400000000000000000e+01 5.000000000000000000e+01 9.500000000000000111e-02 1.979518074686602631e+02 2.057778074686602849e+02 1.107184809190022573e-01 1.107184809190022573e-01
1.400000000000000000e+01 5.100000000000000000e+01 7.363000000000000100e-02 2.134838074686604159e+02 2.145878074686606851e+02 3.190684570796709085e+00 3.190684570796709085e+00
1.400000000000000000e+01 5.200000000000000000e+01 3.416299999999999892e-01 1.960198074686604741e+02 1.943078074686609398e+02 1.304279002740606508e+01 1.304279002740606508e+01
1.400000000000000000e+01 5.300000000000000000e+01 4.970600000000000018e-01 2.317358074686608234e+02 2.302758074686607870e+02 1.149871733164275156e+01 1.149871733164275156e+01
1.400000000000000000e+01 5.400000000000000000e+01 7.286299999999999999e-01 2.385378074686605032e+02 2.456718074686605178e+02 1.564897905502779241e-01 1.564897905502779241e-01
1.400000000000000000e+01 5.500000000000000000e+01 6.938800000000000523e-01 2.861678074686606124e+02 2.873578074686602122e+02 3.056393092478325357e+00 3.056393092478325357e+00
1.400000000000000000e+01 5.600000000000000000e+01 1.520600000000000007e-01 2.186638074686607069e+02 2.285238074686603795e+02 4.004447741521104109e-02 4.004447741521104109e-02
1.400000000000000000e+01 5.700000000000000000e+01 5.433099999999999596e-01 2.171118074686610271e+02 2.197658074686605687e+02 1.469960445741641086e+00 1.469960445741641086e+00
1.400000000000000000e+01 2.200000000000000000e+01 1.928560000000000052e+00 2.330298074686606924e+02 2.336958074686608597e+02 3.971863947772277026e+00 3.971863947772277026e+00
1.400000000000000000e+01 5.800000000000000000e+01 4.775599999999999845e-01 2.031678074686606124e+02 2.054458074686608597e+02 1.773997532158631429e+00 1.773997532158631429e+00
1.400000000000000000e+01 5.900000000000000000e+01 4.851900000000000102e-01 2.032878074686605032e+02 2.014678074686607943e+02 1.376646404307013860e+01 1.376646404307013860e+01
1.400000000000000000e+01 6.000000000000000000e+01 3.458100000000000063e-01 2.303258074686609689e+02 2.313698074686608379e+02 3.287855382393657599e+00 3.287855382393657599e+00
1.400000000000000000e+01 6.100000000000000000e+01 2.069999999999999896e-01 2.332198074686602922e+02 2.327498074686609471e+02 7.009283556590846231e+00 7.009283556590846231e+00
1.400000000000000000e+01 6.200000000000000000e+01 7.663000000000000367e-02 2.202158074686603868e+02 2.214338074686602340e+02 3.013901722794478211e+00 3.013901722794478211e+00
1.400000000000000000e+01 6.300000000000000000e+01 6.907499999999999751e-01 2.405638074686603431e+02 2.483498074686604014e+02 1.129551425992908337e-01 1.129551425992908337e-01
1.400000000000000000e+01 6.400000000000000000e+01 2.544000000000000081e-02 2.016898074686605469e+02 2.039738074686601976e+02 1.768683514574572513e+00 1.768683514574572513e+00
1.400000000000000000e+01 6.500000000000000000e+01 5.940600000000000325e-01 2.298598074686606196e+02 2.332558074686603504e+02 1.014337299914980450e+00 1.014337299914980450e+00
1.400000000000000000e+01 6.600000000000000000e+01 5.693099999999999827e-01 2.225258074686607870e+02 2.259998074686609471e+02 9.755396175066338715e-01 9.755396175066338715e-01
1.400000000000000000e+01 6.700000000000000000e+01 5.706299999999999706e-01 2.023558074686607142e+02 2.043898074686603650e+02 2.004180988504974614e+00 2.004180988504974614e+00
1.400000000000000000e+01 2.300000000000000000e+01 2.536900000000000266e-01 2.202018074686602631e+02 2.212778074686602849e+02 3.235668306204167788e+00 3.235668306204167788e+00
1.400000000000000000e+01 6.800000000000000000e+01 5.693099999999999827e-01 1.897358074686608234e+02 1.934038074686604887e+02 8.853568390893201689e-01 8.853568390893201689e-01
1.400000000000000000e+01 6.900000000000000000e+01 2.669400000000000106e-01 2.057518074686604450e+02 2.178298074686608743e+02 1.321021999083282078e-02 1.321021999083282078e-02
1.400000000000000000e+01 7.000000000000000000e+01 5.933100000000000041e-01 2.243218074686601540e+02 2.310338074686605978e+02 1.932511757914665562e-01 1.932511757914665562e-01
1.400000000000000000e+01 7.100000000000000000e+01 1.965000000000000080e-01 2.180758074686609689e+02 2.236378074686608670e+02 3.434325638611401277e-01 3.434325638611401277e-01
1.400000000000000000e+01 7.200000000000000000e+01 2.086300000000000099e-01 2.312758074686607870e+02 2.301378074686608670e+02 9.788766892329283209e+00 9.788766892329283209e+00
1.400000000000000000e+01 7.300000000000000000e+01 4.319399999999999906e-01 1.877358074686608234e+02 1.890858074686602777e+02 2.821406424650148015e+00 2.821406424650148015e+00
1.400000000000000000e+01 7.400000000000000000e+01 3.988099999999999978e-01 2.607578074686607579e+02 2.654658074686603868e+02 5.263628331245513436e-01 5.263628331245513436e-01
1.400000000000000000e+01 7.500000000000000000e+01 1.616299999999999959e-01 2.111298074686601467e+02 2.118958074686606778e+02 3.778153857233869761e+00 3.778153857233869761e+00
1.400000000000000000e+01 7.600000000000000000e+01 5.147500000000000409e-01 2.231538074686604887e+02 2.261918074686609543e+02 1.213168452281110810e+00 1.213168452281110810e+00
1.400000000000000000e+01 7.700000000000000000e+01 1.338310000000000111e+00 2.077178074686607943e+02 2.147278074686610125e+02 1.664992444798556182e-01 1.664992444798556182e-01
1.400000000000000000e+01 2.400000000000000000e+01 1.486899999999999888e-01 2.366758074686604232e+02 2.381898074686605469e+02 2.599282623115033886e+00 2.599282623115033886e+00
1.400000000000000000e+01 7.800000000000000000e+01 1.517499999999999960e-01 2.096298074686601467e+02 2.153478074686609034e+02 3.176629044880605601e-01 3.176629044880605601e-01
1.400000000000000000e+01 7.900000000000000000e+01 2.208100000000000063e-01 2.317638074686601612e+02 2.348218074686601540e+02 1.201097224490933257e+00 1.201097224490933257e+00
1.400000000000000000e+01 8.000000000000000000e+01 2.605600000000000138e-01 2.336438074686602704e+02 2.362678074686609762e+02 1.492176052939816921e+00 1.492176052939816921e+00
1.400000000000000000e+01 8.100000000000000000e+01 1.565000000000000002e-01 2.360098074686602558e+02 2.426738074686609252e+02 1.979453082841553524e-01 1.979453082841553524e-01
1.400000000000000000e+01 8.200000000000000000e+01 2.047499999999999876e-01 1.852058074686601685e+02 1.867958074686603140e+02 2.502363018306438480e+00 2.502363018306438480e+00
1.400000000000000000e+01 8.300000000000000000e+01 3.655599999999999961e-01 1.899818074686609179e+02 1.899358074686606415e+02 5.670262952517995281e+00 5.670262952517995281e+00
1.400000000000000000e+01 8.400000000000000000e+01 6.008099999999999552e-01 2.150158074686605687e+02 2.212438074686606342e+02 2.461622254781183072e-01 2.461622254781183072e-01
1.400000000000000000e+01 8.500000000000000000e+01 1.274399999999999977e-01 2.179078074686603941e+02 2.196058074686607142e+02 2.370819065666060155e+00 2.370819065666060155e+00
1.400000000000000000e+01 8.600000000000000000e+01 2.153100000000000014e-01 2.311718074686605178e+02 2.350458074686603140e+02 7.987042856987580652e-01 7.987042856987580652e-01
1.400000000000000000e+01 8.700000000000000000e+01 5.178800000000000070e-01 2.189058074686608961e+02 2.240338074686605978e+02 4.266614201949803786e-01 4.266614201949803786e-01
1.400000000000000000e+01 2.500000000000000000e+01 6.888100000000000334e-01 2.216638074686607069e+02 2.274258074686604232e+02 3.107506343536121096e-01 3.107506343536121096e-01
1.400000000000000000e+01 8.800000000000000000e+01 7.319400000000000350e-01 2.124738074686601976e+02 2.128098074686604377e+02 4.684389008460311032e+00 4.684389008460311032e+00
1.400000000000000000e+01 8.900000000000000000e+01 4.749399999999999733e-01 1.849198074686610198e+02 1.927818074686601904e+02 1.087433775205963599e-01 1.087433775205963599e-01
1.400000000000000000e+01 9.000000000000000000e+01 1.676900000000000057e-01 2.234958074686610416e+02 2.300578074686609398e+02 2.083023795254984323e-01 2.083023795254984323e-01
1.400000000000000000e+01 9.100000000000000000e+01 2.623800000000000021e-01 1.973698074686608379e+02 2.031378074686608670e+02 3.098197794310276754e-01 3.098197794310276754e-01
1.400000000000000000e+01 9.200000000000000000e+01 4.173100000000000143e-01 2.131498074686605833e+02 2.126978074686603577e+02 6.946483030853395135e+00 6.946483030853395135e+00
1.400000000000000000e+01 9.300000000000000000e+01 3.272499999999999853e-01 2.352858074686610053e+02 2.413138074686603431e+02 2.720513327272955362e-01 2.720513327272955362e-01
1.400000000000000000e+01 9.400000000000000000e+01 5.749400000000000066e-01 2.170398074686609107e+02 2.200998074686604014e+02 1.199896727615223035e+00 1.199896727615223035e+00
1.400000000000000000e+01 9.500000000000000000e+01 3.641300000000000092e-01 2.034318074686607360e+02 2.099698074686602922e+02 2.108170660226576509e-01 2.108170660226576509e-01
1.400000000000000000e+01 9.600000000000000000e+01 3.217499999999999805e-01 2.293618074686610271e+02 2.386198074686608379e+02 5.410847196043751250e-02 5.410847196043751250e-02
1.400000000000000000e+01 9.700000000000000000e+01 2.318999999999999881e-02 2.365158074686605687e+02 2.433358074686602777e+02 1.830923685641257792e-01 1.830923685641257792e-01
1.400000000000000000e+01 2.600000000000000000e+01 1.020599999999999979e-01 2.503838074686609616e+02 2.545018074686604450e+02 7.069717954024223872e-01 7.069717954024223872e-01
1.400000000000000000e+01 9.800000000000000000e+01 4.389399999999999968e-01 2.520718074686601540e+02 2.523218074686601540e+02 4.890211200153992799e+00 4.890211200153992799e+00
1.400000000000000000e+01 9.900000000000000000e+01 1.078100000000000031e-01 2.004418074686609543e+02 2.024898074686607288e+02 1.990200709647409694e+00 1.990200709647409694e+00
1.400000000000000000e+01 2.700000000000000000e+01 9.495000000000000107e-01 2.381058074686607142e+02 2.453018074686606269e+02 1.517130293742856850e-01 1.517130293742856850e-01
