1.500000000000000000e+01 1.000000000000000000e+00 2.176689999999999792e+00 2.088138074686603431e+02 2.278258074686609689e+02 3.424926596290909592e-05 3.424926596290909592e-05
1.500000000000000000e+01 2.000000000000000000e+00 2.064630000000000187e+00 2.100198074686604741e+02 2.355038074686608525e+02 1.346710743025565428e-06 1.346710743025565428e-06
1.500000000000000000e+01 1.100000000000000000e+01 2.290379999999999860e+00 1.931998074686607652e+02 2.131198074686608379e+02 2.175111743939705627e-05 2.175111743939705627e-05
1.500000000000000000e+01 1.200000000000000000e+01 2.064249999999999918e+00 2.379318074686607360e+02 2.633078074686609398e+02 1.421432452820435310e-06 1.421432452820435310e-06
1.500000000000000000e+01 1.300000000000000000e+01 1.908379999999999965e+00 2.389158074686602049e+02 2.527938074686608161e+02 4.461544233281579397e-04 4.461544233281579397e-04
1.500000000000000000e+01 1.400000000000000000e+01 1.328500000000000014e+00 2.415178074686609762e+02 2.566018074686608088e+02 2.441212755456614587e-04 2.441212755456614587e-04
1.500000000000000000e+01 1.500000000000000000e+01 1.557879999999999932e+00 2.508498074686604014e+02 2.616918074686609543e+02 2.035842735393112238e-03 2.035842735393112238e-03
1.500000000000000000e+01 1.600000000000000000e+01 2.245060000000000056e+00 2.049698074686602922e+02 2.227378074686603213e+02 6.379438217171992220e-05 6.379438217171992220e-05
1.500000000000000000e+01 1.700000000000000000e+01 1.784440000000000026e+00 2.291158074686609325e+02 2.394318074686607360e+02 2.648278625784117671e-03 2.648278625784117671e-03
1.500000000000000000e+01 1.800000000000000000e+01 2.136309999999999931e+00 2.221498074686605833e+02 2.379098074686608015e+02 1.741061433948503452e-04 1.741061433948503452e-04
1.500000000000000000e+01 1.900000000000000000e+01 2.247440000000000104e+00 2.253318074686603723e+02 2.484678074686607943e+02 4.356483227723316967e-06 4.356483227723316967e-06
1.500000000000000000e+01 2.000000000000000000e+01 1.731689999999999952e+00 2.010178074686609762e+02 2.110878074686606851e+02 2.994897040227626189e-03 2.994897040227626189e-03
1.500000000000000000e+01 3.000000000000000000e+00 1.223130000000000051e+00 2.075358074686610053e+02 2.177558074686603504e+02 2.778496221296347657e-03 2.778496221296347657e-03
1.500000000000000000e+01 2.100000000000000000e+01 1.988809999999999967e+00 2.230238074686603795e+02 2.454958074686610416e+02 6.071860908135646729e-06 6.071860908135646729e-06
1.500000000000000000e+01 2.200000000000000000e+01 2.230129999999999946e+00 2.324278074686608306e+02 2.543698074686608379e+02 7.914251588284370892e-06 7.914251588284370892e-06
1.500000000000000000e+01 2.300000000000000000e+01 6.967499999999999805e-01 2.211658074686602049e+02 2.385458074686603140e+02 7.745252226817144869e-05 7.745252226817144869e-05
1.500000000000000000e+01 2.400000000000000000e+01 1.290440000000000031e+00 2.390378074686605032e+02 2.493918074686607724e+02 2.598436333087510239e-03 2.598436333087510239e-03
1.500000000000000000e+01 2.500000000000000000e+01 4.881300000000000083e-01 2.245138074686601612e+02 2.321258074686602413e+02 1.023598910336703284e-02 1.023598910336703284e-02
1.500000000000000000e+01 2.600000000000000000e+01 2.715059999999999807e+00 2.526678074686606124e+02 2.875578074686609398e+02 1.221201632560290822e-08 1.221201632560290822e-08
1.500000000000000000e+01 2.700000000000000000e+01 1.705810000000000048e+00 2.444878074686603213e+02 2.529198074686610198e+02 6.793116728840069979e-03 6.793116728840069979e-03
1.500000000000000000e+01 2.800000000000000000e+01 1.985880000000000090e+00 2.127478074686605396e+02 2.305018074686604450e+02 6.424250946259236496e-05 6.424250946259236496e-05
1.500000000000000000e+01 2.900000000000000000e+01 1.794999999999999929e+00 2.213778074686606487e+02 2.384138074686607069e+02 9.198864382441599504e-05 9.198864382441599504e-05
1.500000000000000000e+01 3.000000000000000000e+01 2.161999999999999922e+00 2.347838074686605978e+02 2.462618074686606633e+02 1.481284851045986750e-03 1.481284851045986750e-03
1.500000000000000000e+01 4.000000000000000000e+00 1.695559999999999956e+00 2.398318074686603723e+02 2.550018074686604450e+02 2.338465504028531064e-04 2.338465504028531064e-04
1.500000000000000000e+01 3.100000000000000000e+01 1.696379999999999999e+00 1.974918074686602267e+02 2.136678074686606124e+02 1.414102348000634962e-04 1.414102348000634962e-04
1.500000000000000000e+01 3.200000000000000000e+01 8.958800000000000097e-01 2.389178074686606124e+02 2.370898074686601831e+02 1.148153012051707611e+00 1.148153012051707611e+00
1.500000000000000000e+01 3.300000000000000000e+01 2.172130000000000116e+00 2.226998074686607652e+02 2.385618074686608452e+02 1.654493544767978981e-04 1.654493544767978981e-04
1.500000000000000000e+01 3.400000000000000000e+01 2.027379999999999960e+00 2.100978074686609034e+02 2.359158074686602049e+02 1.139586107332462935e-06 1.139586107332462935e-06
1.500000000000000000e+01 3.500000000000000000e+01 1.250129999999999963e+00 2.158438074686609980e+02 2.218738074686607433e+02 2.257650703209779577e-02 2.257650703209779577e-02
1.500000000000000000e+01 3.600000000000000000e+01 3.213130000000000042e+00 2.370118074686606633e+02 2.678938074686602704e+02 9.059693765147577428e-08 9.059693765147577428e-08
1.500000000000000000e+01 3.700000000000000000e+01 1.918630000000000058e+00 2.160698074686606560e+02 2.242598074686602558e+02 7.666880772792474159e-03 7.666880772792474159e-03
1.500000000000000000e+01 3.800000000000000000e+01 1.930309999999999970e+00 2.106118074686610271e+02 2.326838074686602340e+02 7.416187660367188736e-06 7.416187660367188736e-06
1.500000000000000000e+01 3.900000000000000000e+01 2.158749999999999947e+00 2.484058074686608961e+02 2.634158074686602049e+02 2.533229438719079309e-04 2.533229438719079309e-04
1.500000000000000000e+01 4.000000000000000000e+01 2.402629999999999821e+00 1.875278074686602849e+02 2.000978074686609034e+02 8.580523681272104542e-04 8.580523681272104542e-04
1.500000000000000000e+01 5.000000000000000000e+00 2.192060000000000120e+00 2.188998074686605833e+02 2.335318074686601904e+02 3.060244904007466591e-04 3.060244904007466591e-04
1.500000000000000000e+01 4.100000000000000000e+01 1.449060000000000015e+00 2.480518074686606269e+02 2.591738074686609252e+02 1.769876647991059119e-03 1.769876647991059119e-03
1.500000000000000000e+01 4.200000000000000000e+01 1.670309999999999961e+00 2.219058074686608961e+02 2.313278074686604668e+02 4.140886327771113075e-03 4.140886327771113075e-03
1.500000000000000000e+01 4.300000000000000000e+01 2.129690000000000083e+00 2.240118074686606633e+02 2.517978074686607215e+02 4.259919339588053923e-07 4.259919339588053923e-07
1.500000000000000000e+01 4.400000000000000000e+01 2.214379999999999793e+00 2.244758074686606051e+02 2.416998074686607652e+02 8.373567679526720592e-05 8.373567679526720592e-05
1.500000000000000000e+01 4.500000000000000000e+01 1.446379999999999999e+00 2.462778074686602849e+02 2.632138074686608888e+02 9.670500244741099733e-05 9.670500244741099733e-05
1.500000000000000000e+01 4.600000000000000000e+01 1.568500000000000005e+00 2.109518074686602631e+02 2.302118074686604814e+02 3.025511111667181349e-05 3.025511111667181349e-05
1.500000000000000000e+01 4.700000000000000000e+01 1.766440000000000010e+00 2.314718074686606997e+02 2.433338074686607797e+02 1.222514561760922568e-03 1.222514561760922568e-03
1.500000000000000000e+01 4.800000000000000000e+01 2.170560000000000045e+00 2.253118074686608452e+02 2.502198074686602922e+02 1.796185290052614570e-06 1.796185290052614570e-06
1.500000000000000000e+01 4.900000000000000000e+01 1.291190000000000060e+00 1.940538074686610344e+02 2.064398074686605469e+02 9.407384319183329045e-04 9.407384319183329045e-04
1.500000000000000000e+01 5.000000000000000000e+01 2.326249999999999929e+00 2.006558074686608961e+02 2.108798074686601467e+02 2.772944782143518631e-03 2.772944782143518631e-03
1.500000000000000000e+01 6.000000000000000000e+00 4.716299999999999937e-01 2.043958074686606778e+02 2.154198074686610198e+02 1.858760474019714856e-03 1.858760474019714856e-03
1.500000000000000000e+01 5.100000000000000000e+01 3.901299999999999768e-01 2.157098074686609834e+02 2.353398074686601831e+02 2.514515245750082099e-05 2.514515245750082099e-05
1.500000000000000000e+01 5.200000000000000000e+01 1.790999999999999925e+00 1.975498074686602195e+02 2.203518074686608088e+02 5.148292636105937013e-06 5.148292636105937013e-06
1.500000000000000000e+01 5.300000000000000000e+01 1.504809999999999981e+00 2.377878074686605032e+02 2.521298074686601467e+02 3.537764203743630682e-04 3.537764203743630682e-04
1.500000000000000000e+01 5.400000000000000000e+01 1.558939999999999992e+00 2.384538074686606706e+02 2.550398074686609107e+02 1.151994682929881336e-04 1.151994682929881336e-04
1.500000000000000000e+01 5.500000000000000000e+01 1.592249999999999943e+00 2.842358074686608234e+02 2.907598074686602558e+02 1.763542836057162971e-02 1.763542836057162971e-02
1.500000000000000000e+01 5.600000000000000000e+01 1.898689999999999989e+00 2.162658074686605687e+02 2.285178074686609762e+02 1.005927351394887356e-03 1.005927351394887356e-03
1.500000000000000000e+01 5.700000000000000000e+01 1.669380000000000086e+00 2.129718074686606997e+02 2.309358074686606415e+02 5.783910666165107550e-05 5.783910666165107550e-05
1.500000000000000000e+01 5.800000000000000000e+01 1.842249999999999943e+00 2.013438074686609980e+02 2.288658074686609325e+02 4.861029397811614836e-07 4.861029397811614836e-07
1.500000000000000000e+01 5.900000000000000000e+01 1.832559999999999967e+00 2.026518074686609907e+02 2.128998074686605833e+02 2.739868300563630746e-03 2.739868300563630746e-03
1.500000000000000000e+01 6.000000000000000000e+01 3.061300000000000132e-01 2.325758074686609689e+02 2.402658074686605687e+02 9.844469778980090291e-03 9.844469778980090291e-03
1.500000000000000000e+01 7.000000000000000000e+00 2.112499999999999822e+00 2.339738074686601976e+02 2.522518074686604450e+02 4.943531922209462337e-05 4.943531922209462337e-05
1.500000000000000000e+01 6.100000000000000000e+01 2.262249999999999872e+00 2.346498074686605833e+02 2.599298074686603286e+02 1.491325218025427312e-06 1.491325218025427312e-06
1.500000000000000000e+01 6.200000000000000000e+01 2.375059999999999949e+00 2.195298074686606924e+02 2.473998074686605833e+02 4.084707922407622515e-07 4.084707922407622515e-07
1.500000000000000000e+01 6.300000000000000000e+01 2.250560000000000116e+00 2.416078074686602122e+02 2.653918074686607724e+02 3.150827550374389580e-06 3.150827550374389580e-06
1.500000000000000000e+01 6.400000000000000000e+01 2.365380000000000038e+00 2.047698074686604741e+02 2.267418074686602267e+02 7.796423732642428453e-06 7.796423732642428453e-06
1.500000000000000000e+01 6.500000000000000000e+01 1.875499999999999945e+00 2.291858074686606415e+02 2.404778074686610125e+02 1.625653443055002749e-03 1.625653443055002749e-03
1.500000000000000000e+01 6.600000000000000000e+01 1.787309999999999954e+00 2.231078074686602122e+02 2.323898074686603650e+02 4.441134464176955780e-03 4.441134464176955780e-03
1.500000000000000000e+01 6.700000000000000000e+01 2.556300000000000239e-01 2.057658074686605687e+02 2.161938074686604523e+02 2.504051083420820358e-03 2.504051083420820358e-03
1.500000000000000000e+01 6.800000000000000000e+01 2.138380000000000170e+00 1.913778074686606487e+02 2.096478074686601758e+02 4.963345650939245975e-05 4.963345650939245975e-05
1.500000000000000000e+01 6.900000000000000000e+01 1.621879999999999988e+00 2.058318074686603723e+02 2.170198074686604741e+02 1.712423902647701836e-03 1.712423902647701836e-03
1.500000000000000000e+01 7.000000000000000000e+01 2.102310000000000123e+00 2.253258074686609689e+02 2.318978074686601758e+02 1.721721669388737858e-02 1.721721669388737858e-02
1.500000000000000000e+01 8.000000000000000000e+00 7.638800000000000034e-01 2.140858074686602777e+02 2.273638074686605250e+02 6.022454778686161560e-04 6.022454778686161560e-04
1.500000000000000000e+01 7.100000000000000000e+01 1.608000000000000096e+00 2.214058074686608961e+02 2.335678074686602486e+02 1.052228034603792809e-03 1.052228034603792809e-03
1.500000000000000000e+01 7.200000000000000000e+01 1.963810000000000056e+00 2.298478074686609034e+02 2.470798074686608743e+02 8.340140308122029420e-05 8.340140308122029420e-05
1.500000000000000000e+01 7.300000000000000000e+01 1.781689999999999996e+00 1.880238074686603795e+02 2.163438074686609980e+02 3.261705524936219023e-07 3.261705524936219023e-07
1.500000000000000000e+01 7.400000000000000000e+01 1.864060000000000050e+00 2.597518074686604450e+02 2.730578074686609398e+02 5.938727867695825979e-04 5.938727867695825979e-04
1.500000000000000000e+01 7.500000000000000000e+01 1.798000000000000043e+00 2.111538074686604887e+02 2.266138074686605250e+02 2.022824792655162154e-04 2.022824792655162154e-04
1.500000000000000000e+01 7.600000000000000000e+01 1.727500000000000036e+00 2.247758074686607870e+02 2.404338074686602340e+02 1.832158805557199469e-04 1.832158805557199469e-04
1.500000000000000000e+01 7.700000000000000000e+01 1.687750000000000083e+00 2.073698074686608379e+02 2.193058074686605323e+02 1.178108108285934883e-03 1.178108108285934883e-03
1.500000000000000000e+01 7.800000000000000000e+01 1.566750000000000087e+00 2.106318074686605542e+02 2.159778074686610125e+02 3.178231025632389378e-02 3.178231025632389378e-02
1.500000000000000000e+01 7.900000000000000000e+01 2.474499999999999922e+00 2.292918074686604086e+02 2.573418074686605905e+02 3.733141953012230970e-07 3.733141953012230970e-07
1.500000000000000000e+01 8.000000000000000000e+01 2.159250000000000114e+00 2.321538074686604887e+02 2.503298074686608743e+02 5.202191815416980843e-05 5.202191815416980843e-05
1.500000000000000000e+01 9.000000000000000000e+00 1.884500000000000064e+00 2.108078074686609398e+02 2.215658074686607506e+02 2.123169148347115245e-03 2.123169148347115245e-03
1.500000000000000000e+01 8.100000000000000000e+01 1.347630000000000106e+00 2.363878074686608670e+02 2.558798074686601467e+02 2.694142682752082203e-05 2.694142682752082203e-05
1.500000000000000000e+01 8.200000000000000000e+01 1.522129999999999983e+00 1.850818074686603723e+02 1.978938074686602704e+02 7.602635372700698594e-04 7.602635372700698594e-04
1.500000000000000000e+01 8.300000000000000000e+01 2.005689999999999973e+00 1.916338074686609616e+02 2.113598074686606196e+02 2.396669438845348956e-05 2.396669438845348956e-05
1.500000000000000000e+01 8.400000000000000000e+01 1.781630000000000047e+00 2.137118074686604814e+02 2.281058074686607142e+02 3.446967802468160172e-04 3.446967802468160172e-04
1.500000000000000000e+01 8.500000000000000000e+01 2.316440000000000055e+00 2.261918074686609543e+02 2.577038074686606706e+02 6.611663714089081745e-08 6.611663714089081745e-08
1.500000000000000000e+01 8.600000000000000000e+01 1.071690000000000031e+00 2.359658074686603868e+02 2.457178074686607943e+02 3.511031446659387822e-03 3.511031446659387822e-03
1.500000000000000000e+01 8.700000000000000000e+01 2.009630000000000027e+00 2.209218074686605178e+02 2.380718074686601540e+02 8.689192740563115051e-05 8.689192740563115051e-05
1.500000000000000000e+01 8.800000000000000000e+01 2.452499999999999958e-01 2.097038074686606706e+02 2.236778074686608306e+02 4.252448551282433042e-04 4.252448551282433042e-04
1.500000000000000000e+01 8.900000000000000000e+01 2.249309999999999921e+00 1.819178074686606124e+02 1.878198074686606560e+02 2.406864253750154101e-02 2.406864253750154101e-02
1.500000000000000000e+01 9.000000000000000000e+01 1.622130000000000072e+00 2.249578074686605760e+02 2.322318074686609179e+02 1.212064083910162002e-02 1.212064083910162002e-02
1.500000000000000000e+01 1.000000000000000000e+01 2.655940000000000190e+00 1.990258074686607870e+02 2.141498074686605833e+02 2.392873504158145575e-04 2.392873504158145575e-04
1.500000000000000000e+01 9.100000000000000000e+01 1.952879999999999949e+00 1.972678074686609762e+02 2.120598074686604377e+02 2.824962094835898989e-04 2.824962094835898989e-04
1.500000000000000000e+01 9.200000000000000000e+01 2.486439999999999984e+00 2.173758074686602413e+02 2.461878074686601394e+02 2.550400041110768838e-07 2.550400041110768838e-07
1.500000000000000000e+01 9.300000000000000000e+01 1.866309999999999913e+00 2.375738074686605614e+02 2.484138074686607069e+02 2.037879596389680081e-03 2.037879596389680081e-03
1.500000000000000000e+01 9.400000000000000000e+01 2.378249999999999975e+00 2.209558074686601685e+02 2.356638074686607069e+02 2.946137371382963051e-04 2.946137371382963051e-04
1.500000000000000000e+01 9.500000000000000000e+01 2.495309999999999917e+00 2.021958074686608597e+02 2.152098074686609834e+02 6.872273250369918948e-04 6.872273250369918948e-04
1.500000000000000000e+01 9.600000000000000000e+01 1.826999999999999957e+00 2.279038074686604887e+02 2.364978074686605396e+02 6.264569392585173785e-03 6.264569392585173785e-03
1.500000000000000000e+01 9.700000000000000000e+01 2.443249999999999922e+00 2.356738074686609252e+02 2.579518074686602631e+02 6.690342928817582458e-06 6.690342928817582458e-06
1.500000000000000000e+01 9.800000000000000000e+01 1.603129999999999944e+00 2.580118074686606633e+02 2.572798074686606924e+02 6.637528416530498188e-01 6.637528416530498188e-01
1.500000000000000000e+01 9.900000000000000000e+01 1.322940000000000005e+00 2.050618074686608452e+02 2.255798074686608743e+02 1.612974580291118959e-05 1.612974580291118959e-05
