1.900000000000000000e+01 8.900000000000000000e+01 2.180600000000000038e-01 1.839338074686602340e+02 1.862658074686605687e+02 8.818333972168438395e-01 8.818333972168438395e-01
1.900000000000000000e+01 9.000000000000000000e+01 2.891900000000000026e-01 2.229538074686606706e+02 2.232658074686605687e+02 2.421162670474910517e+00 2.421162670474910517e+00
1.900000000000000000e+01 9.100000000000000000e+01 5.636900000000000244e-01 1.959538074686606706e+02 2.023478074686609034e+02 1.157002906295631073e-01 1.157002906295631073e-01
1.900000000000000000e+01 9.200000000000000000e+01 2.648099999999999898e-01 2.106698074686610198e+02 2.112518074686604450e+02 2.115408349979522651e+00 2.115408349979522651e+00
1.900000000000000000e+01 9.300000000000000000e+01 1.894399999999999973e-01 2.350798074686608743e+02 2.373538074686603068e+02 9.077809873249859107e-01 9.077809873249859107e-01
1.900000000000000000e+01 9.400000000000000000e+01 2.435599999999999987e-01 2.188398074686601831e+02 2.241918074686609543e+02 1.948057963429740413e-01 1.948057963429740413e-01
1.900000000000000000e+01 9.500000000000000000e+01 4.342500000000000249e-01 2.024938074686606342e+02 2.082598074686602558e+02 1.583809403584058306e-01 1.583809403584058306e-01
1.900000000000000000e+01 9.600000000000000000e+01 1.956299999999999983e-01 2.291238074686607433e+02 2.292998074686602195e+02 2.591528528660717701e+00 2.591528528660717701e+00
1.900000000000000000e+01 9.700000000000000000e+01 1.346880000000000077e+00 2.352878074686605032e+02 2.441558074686608961e+02 3.358243445256464677e-02 3.358243445256464677e-02
1.900000000000000000e+01 9.800000000000000000e+01 6.758800000000000363e-01 2.542538074686608525e+02 2.534418074686609543e+02 4.247148714735541120e+00 4.247148714735541120e+00
1.900000000000000000e+01 9.900000000000000000e+01 2.415599999999999969e-01 1.995238074686603795e+02 1.993338074686607797e+02 3.111944796166868255e+00 3.111944796166868255e+00
1.900000000000000000e+01 1.000000000000000000e+00 5.149999999999999717e-02 2.052858074686610053e+02 2.063558074686607142e+02 1.657396283625126587e+00 1.657396283625126587e+00
1.900000000000000000e+01 3.000000000000000000e+00 4.126299999999999968e-01 2.078218074686601540e+02 2.091318074686605542e+02 1.469978635685683210e+00 1.469978635685683210e+00
1.900000000000000000e+01 3.000000000000000000e+00 4.126299999999999968e-01 2.078218074686601540e+02 2.091318074686605542e+02 1.469978635685683210e+00 1.469978635685683210e+00
1.900000000000000000e+01 4.000000000000000000e+00 3.140000000000000013e-01 2.415138074686601612e+02 2.436718074686605178e+02 9.619891250885335143e-01 9.619891250885335143e-01
1.900000000000000000e+01 5.000000000000000000e+00 2.974999999999999867e-01 2.221718074686605178e+02 2.247438074686606342e+02 7.821160617714231211e-01 7.821160617714231211e-01
1.900000000000000000e+01 6.000000000000000000e+00 5.255600000000000271e-01 2.003898074686603650e+02 2.051698074686610198e+02 2.593045257515623203e-01 2.593045257515623203e-01
1.900000000000000000e+01 7.000000000000000000e+00 3.011300000000000088e-01 2.307958074686603140e+02 2.343818074686605542e+02 4.710683244960179872e-01 4.710683244960179872e-01
1.900000000000000000e+01 8.000000000000000000e+00 2.582499999999999796e-01 2.122838074686605978e+02 2.154978074686605396e+02 5.673651761818813144e-01 5.673651761818813144e-01
1.900000000000000000e+01 9.000000000000000000e+00 2.978799999999999781e-01 2.086918074686609543e+02 2.100838074686607797e+02 1.410928314932447192e+00 1.410928314932447192e+00
1.900000000000000000e+01 1.000000000000000000e+01 5.929999999999999716e-01 1.991638074686607069e+02 2.115378074686605032e+02 5.818271043936614623e-03 5.818271043936614623e-03
1.900000000000000000e+01 1.100000000000000000e+01 2.548799999999999955e-01 1.925058074686603504e+02 1.916738074686609252e+02 4.289833268948928691e+00 4.289833268948928691e+00
1.900000000000000000e+01 1.200000000000000000e+01 5.406300000000000550e-01 2.400718074686601540e+02 2.416938074686604523e+02 1.257653731410001585e+00 1.257653731410001585e+00
1.900000000000000000e+01 1.300000000000000000e+01 2.888800000000000257e-01 2.406258074686602413e+02 2.427318074686609179e+02 9.873288310643442145e-01 9.873288310643442145e-01
1.900000000000000000e+01 1.400000000000000000e+01 3.886899999999999800e-01 2.300758074686609689e+02 2.361658074686602049e+02 1.346936776946434378e-01 1.346936776946434378e-01
1.900000000000000000e+01 1.500000000000000000e+01 6.569399999999999684e-01 2.518498074686604014e+02 2.541018074686608088e+02 9.178217008659336207e-01 9.178217008659336207e-01
1.900000000000000000e+01 1.600000000000000000e+01 2.688099999999999934e-01 2.063638074686605250e+02 2.137318074686609179e+02 7.109401429397341210e-02 7.109401429397341210e-02
1.900000000000000000e+01 1.700000000000000000e+01 4.145599999999999841e-01 2.304738074686601976e+02 2.311178074686604305e+02 2.050836722385380284e+00 2.050836722385380284e+00
1.900000000000000000e+01 1.800000000000000000e+01 3.282499999999999862e-01 2.240518074686606269e+02 2.272118074686604814e+02 5.828927144185249709e-01 5.828927144185249709e-01
1.900000000000000000e+01 1.900000000000000000e+01 2.916300000000000003e-01 2.235478074686607215e+02 2.288878074686608670e+02 1.959781446489681778e-01 1.959781446489681778e-01
1.900000000000000000e+01 2.000000000000000000e+01 1.890600000000000058e-01 1.990118074686606633e+02 2.029138074686607069e+02 4.022215861632224554e-01 4.022215861632224554e-01
1.900000000000000000e+01 2.100000000000000000e+01 1.080810000000000048e+00 2.188658074686609325e+02 2.263418074686605905e+02 6.735675172223294649e-02 6.735675172223294649e-02
1.900000000000000000e+01 2.200000000000000000e+01 4.460000000000000075e-01 2.321498074686605833e+02 2.364278074686608306e+02 3.332867218612690641e-01 3.332867218612690641e-01
1.900000000000000000e+01 2.300000000000000000e+01 4.536299999999999777e-01 2.202498074686609471e+02 2.207598074686602558e+02 2.192950433722117953e+00 2.192950433722117953e+00
1.900000000000000000e+01 2.400000000000000000e+01 6.741300000000000070e-01 2.389318074686607360e+02 2.441118074686610271e+02 2.123005896451441721e-01 2.123005896451441721e-01
1.900000000000000000e+01 2.500000000000000000e+01 9.069399999999999684e-01 2.220258074686607870e+02 2.281498074686605833e+02 1.324232385857015970e-01 1.324232385857015970e-01
1.900000000000000000e+01 2.600000000000000000e+01 6.288799999999999946e-01 2.514398074686605469e+02 2.617338074686604159e+02 1.646115143161388031e-02 1.646115143161388031e-02
1.900000000000000000e+01 2.700000000000000000e+01 4.141900000000000026e-01 2.414678074686607943e+02 2.449238074686609252e+02 5.027048135874943036e-01 5.027048135874943036e-01
1.900000000000000000e+01 2.800000000000000000e+01 1.720599999999999907e-01 2.118418074686605905e+02 2.137978074686607215e+02 1.064226098715996827e+00 1.064226098715996827e+00
1.900000000000000000e+01 2.900000000000000000e+01 3.651300000000000101e-01 2.250918074686605905e+02 2.278118074686608452e+02 7.263290478656940774e-01 7.263290478656940774e-01
1.900000000000000000e+01 3.000000000000000000e+01 7.129400000000000182e-01 2.328538074686603068e+02 2.332218074686606997e+02 2.354310414902661464e+00 2.354310414902661464e+00
1.900000000000000000e+01 3.100000000000000000e+01 2.073800000000000088e-01 1.992678074686609762e+02 2.123078074686609398e+02 4.170363265812579261e-03 4.170363265812579261e-03
1.900000000000000000e+01 3.200000000000000000e+01 4.905999999999999944e-02 2.418258074686609689e+02 2.431958074686608597e+02 1.426534201413264258e+00 1.426534201413264258e+00
1.900000000000000000e+01 3.300000000000000000e+01 1.772499999999999909e-01 2.224958074686610416e+02 2.234298074686603286e+02 1.774019484394357304e+00 1.774019484394357304e+00
1.900000000000000000e+01 3.400000000000000000e+01 8.185000000000000053e-01 2.096058074686607142e+02 2.191098074686606196e+02 2.443467294944237297e-02 2.443467294944237297e-02
1.900000000000000000e+01 3.500000000000000000e+01 4.658100000000000018e-01 2.213238074686605614e+02 2.213198074686606560e+02 2.835583871548081447e+00 2.835583871548081447e+00
1.900000000000000000e+01 3.600000000000000000e+01 1.383999999999999897e+00 2.347418074686602267e+02 2.535618074686608452e+02 2.317729955278429040e-04 2.317729955278429040e-04
1.900000000000000000e+01 3.700000000000000000e+01 3.122500000000000275e-01 2.128738074686607433e+02 2.138698074686608379e+02 1.719868556280561123e+00 1.719868556280561123e+00
1.900000000000000000e+01 3.800000000000000000e+01 7.079999999999999627e-01 2.102698074686604741e+02 2.169478074686603577e+02 1.003840315318244997e-01 1.003840315318244997e-01
1.900000000000000000e+01 3.900000000000000000e+01 2.923100000000000143e-01 2.459158074686602049e+02 2.448358074686602777e+02 4.856159344391679511e+00 4.856159344391679511e+00
1.900000000000000000e+01 4.000000000000000000e+01 1.099439999999999973e+00 1.896058074686607142e+02 1.986858074686606415e+02 3.020486928903777860e-02 3.020486928903777860e-02
1.900000000000000000e+01 4.100000000000000000e+01 2.448099999999999998e-01 2.471978074686603577e+02 2.487678074686609762e+02 1.290781523546297826e+00 1.290781523546297826e+00
1.900000000000000000e+01 4.200000000000000000e+01 3.019999999999999907e-01 2.194598074686609834e+02 2.221698074686610198e+02 7.299697873689894312e-01 7.299697873689894312e-01
1.900000000000000000e+01 4.300000000000000000e+01 4.686299999999999910e-01 2.235578074686609398e+02 2.274078074686603941e+02 4.128164842393757250e-01 4.128164842393757250e-01
1.900000000000000000e+01 4.400000000000000000e+01 2.354999999999999871e-01 2.239918074686602267e+02 2.267058074686601685e+02 7.285113067610540227e-01 7.285113067610540227e-01
1.900000000000000000e+01 4.600000000000000000e+01 8.843800000000000550e-01 2.132158074686603868e+02 2.218758074686602413e+02 3.726308454574849688e-02 3.726308454574849688e-02
1.900000000000000000e+01 4.600000000000000000e+01 8.843800000000000550e-01 2.132158074686603868e+02 2.218758074686602413e+02 3.726308454574849688e-02 3.726308454574849688e-02
1.900000000000000000e+01 4.700000000000000000e+01 1.917500000000000038e-01 2.287778074686602849e+02 2.317518074686604450e+02 6.397024498407791748e-01 6.397024498407791748e-01
1.900000000000000000e+01 4.800000000000000000e+01 1.145599999999999952e-01 2.274258074686604232e+02 2.298538074686603068e+02 8.405052054609014611e-01 8.405052054609014611e-01
1.900000000000000000e+01 4.900000000000000000e+01 6.146300000000000097e-01 1.949078074686603941e+02 2.029838074686604159e+02 4.989910896175576982e-02 4.989910896175576982e-02
1.900000000000000000e+01 5.000000000000000000e+01 5.868100000000000538e-01 1.981638074686607069e+02 2.065378074686605032e+02 4.299153114243144114e-02 4.299153114243144114e-02
1.900000000000000000e+01 5.100000000000000000e+01 6.696299999999999475e-01 2.106058074686607142e+02 2.175218074686608816e+02 8.912172626587470947e-02 8.912172626587470947e-02
1.900000000000000000e+01 5.200000000000000000e+01 2.248799999999999966e-01 1.958638074686605250e+02 2.075878074686606851e+02 8.052665431429227930e-03 8.052665431429227930e-03
1.900000000000000000e+01 5.300000000000000000e+01 9.425000000000000044e-02 2.341018074686608088e+02 2.370218074686608816e+02 6.572097003153712924e-01 6.572097003153712924e-01
1.900000000000000000e+01 5.400000000000000000e+01 6.385600000000000165e-01 2.389958074686610416e+02 2.424338074686602340e+02 5.072495776712795390e-01 5.072495776712795390e-01
1.900000000000000000e+01 5.500000000000000000e+01 2.993100000000000205e-01 2.850398074686609107e+02 2.843378074686606851e+02 4.019863179647575890e+00 4.019863179647575890e+00
1.900000000000000000e+01 5.600000000000000000e+01 5.110000000000000098e-01 2.192458074686610416e+02 2.274738074686601976e+02 4.624730287864777661e-02 4.624730287864777661e-02
1.900000000000000000e+01 5.700000000000000000e+01 2.449399999999999911e-01 2.185098074686602558e+02 2.197758074686607870e+02 1.502676523633925898e+00 1.502676523633925898e+00
1.900000000000000000e+01 5.800000000000000000e+01 1.322810000000000041e+00 2.046758074686604232e+02 2.107318074686609179e+02 1.370030442138039650e-01 1.370030442138039650e-01
1.900000000000000000e+01 5.900000000000000000e+01 3.814400000000000013e-01 2.033058074686605323e+02 2.066078074686602122e+02 5.429423506797148580e-01 5.429423506797148580e-01
1.900000000000000000e+01 6.000000000000000000e+01 8.245599999999999596e-01 2.317698074686604741e+02 2.293278074686604668e+02 9.595055053182360183e+00 9.595055053182360183e+00
1.900000000000000000e+01 6.100000000000000000e+01 1.818099999999999994e-01 2.300558074686605323e+02 2.333938074686602704e+02 5.332568196546156880e-01 5.332568196546156880e-01
1.900000000000000000e+01 6.200000000000000000e+01 4.485600000000000143e-01 2.190978074686609034e+02 2.233838074686609616e+02 3.319562377161241473e-01 3.319562377161241473e-01
1.900000000000000000e+01 6.300000000000000000e+01 9.659999999999999698e-01 2.412038074686606706e+02 2.543558074686607142e+02 3.943241678705319483e-03 3.943241678705319483e-03
1.900000000000000000e+01 6.400000000000000000e+01 7.938100000000000156e-01 2.024518074686602631e+02 2.099078074686603941e+02 6.803369833127212440e-02 6.803369833127212440e-02
1.900000000000000000e+01 6.500000000000000000e+01 4.583800000000000097e-01 2.303618074686610271e+02 2.336198074686608379e+02 5.550194433080711809e-01 5.550194433080711809e-01
1.900000000000000000e+01 6.600000000000000000e+01 2.924999999999999822e-01 2.238758074686602413e+02 2.247418074686602267e+02 1.835373250589513505e+00 1.835373250589513505e+00
1.900000000000000000e+01 6.700000000000000000e+01 1.983800000000000008e-01 1.997258074686606051e+02 2.010518074686606269e+02 1.458265720729114090e+00 1.458265720729114090e+00
1.900000000000000000e+01 6.800000000000000000e+01 4.488099999999999867e-01 1.905658074686607506e+02 1.958138074686603431e+02 2.052037003688085282e-01 2.052037003688085282e-01
1.900000000000000000e+01 6.900000000000000000e+01 2.985599999999999921e-01 2.067838074686605978e+02 2.103698074686608379e+02 4.710683244960179872e-01 4.710683244960179872e-01
1.900000000000000000e+01 7.000000000000000000e+01 2.809400000000000230e-01 2.250578074686609398e+02 2.276738074686609252e+02 7.650974001046537687e-01 7.650974001046537687e-01
1.900000000000000000e+01 7.100000000000000000e+01 4.194999999999999840e-01 2.208238074686605614e+02 2.247358074686608234e+02 4.002154976330373759e-01 4.002154976330373759e-01
1.900000000000000000e+01 7.200000000000000000e+01 5.314400000000000235e-01 2.313258074686609689e+02 2.354318074686607360e+02 3.632179786245695041e-01 3.632179786245695041e-01
1.900000000000000000e+01 7.300000000000000000e+01 8.383800000000000141e-01 1.854378074686601394e+02 1.924058074686608961e+02 8.683442514732186979e-02 8.683442514732186979e-02
1.900000000000000000e+01 7.400000000000000000e+01 1.286299999999999943e-01 2.611978074686603577e+02 2.649518074686602631e+02 4.331149412980720981e-01 4.331149412980720981e-01
1.900000000000000000e+01 7.500000000000000000e+01 4.787999999999999895e-02 2.077518074686604450e+02 2.083118074686608452e+02 2.138806294594845614e+00 2.138806294594845614e+00
1.900000000000000000e+01 7.600000000000000000e+01 3.686900000000000177e-01 2.248598074686606196e+02 2.270678074686602486e+02 9.382375289626516679e-01 9.382375289626516679e-01
1.900000000000000000e+01 7.800000000000000000e+01 1.378800000000000026e-01 2.098038074686610344e+02 2.117718074686608816e+02 1.057859859938887537e+00 1.057859859938887537e+00
1.900000000000000000e+01 7.800000000000000000e+01 1.378800000000000026e-01 2.098038074686610344e+02 2.117718074686608816e+02 1.057859859938887537e+00 1.057859859938887537e+00
1.900000000000000000e+01 7.900000000000000000e+01 4.776900000000000035e-01 2.307838074686605978e+02 2.372098074686609834e+02 1.138638169468808581e-01 1.138638169468808581e-01
1.900000000000000000e+01 8.000000000000000000e+01 1.867499999999999993e-01 2.340858074686602777e+02 2.347998074686602195e+02 1.980299046995526391e+00 1.980299046995526391e+00
1.900000000000000000e+01 8.100000000000000000e+01 3.691300000000000137e-01 2.354238074686609252e+02 2.366458074686606778e+02 1.536101736355024450e+00 1.536101736355024450e+00
1.900000000000000000e+01 8.200000000000000000e+01 3.952499999999999902e-01 1.861738074686609252e+02 1.865058074686603504e+02 2.397071699383943599e+00 2.397071699383943599e+00
1.900000000000000000e+01 8.300000000000000000e+01 3.643799999999999817e-01 1.870438074686608161e+02 1.882138074686608888e+02 1.576564113042064674e+00 1.576564113042064674e+00
1.900000000000000000e+01 8.400000000000000000e+01 4.806900000000000062e-01 2.143318074686603723e+02 2.226138074686605250e+02 4.501533214709019931e-02 4.501533214709019931e-02
1.900000000000000000e+01 8.500000000000000000e+01 2.801299999999999901e-01 2.212898074686609107e+02 2.239578074686605760e+02 7.454612438905082739e-01 7.454612438905082739e-01
1.900000000000000000e+01 8.600000000000000000e+01 6.634400000000000297e-01 2.319238074686609252e+02 2.372318074686609179e+02 1.991390144904967574e-01 1.991390144904967574e-01
1.900000000000000000e+01 8.700000000000000000e+01 1.926299999999999957e-01 2.207518074686604450e+02 2.223718074686603359e+02 1.258912014178195093e+00 1.258912014178195093e+00
1.900000000000000000e+01 8.800000000000000000e+01 1.022059999999999969e+00 2.125678074686602486e+02 2.178838074686609616e+02 1.983440494225522099e-01 1.983440494225522099e-01
