5.000000000000000000e+00 1.000000000000000000e+00 4.465060000000000251e+00 2.028078074686609398e+02 4.571618074686602995e+02 2.467945591668999613e-61 2.467945591668999613e-61
5.000000000000000000e+00 2.000000000000000000e+00 4.695630000000000415e+00 2.093798074686601467e+02 4.615398074686609107e+02 7.391909270742679968e-61 7.391909270742679968e-61
5.000000000000000000e+00 1.100000000000000000e+01 5.009249999999999758e+00 1.926978074686603577e+02 4.374398074686605469e+02 3.016857945243588044e-59 3.016857945243588044e-59
5.000000000000000000e+00 1.200000000000000000e+01 5.933500000000000441e+00 2.371538074686604887e+02 4.714338074686602340e+02 5.640911626253043249e-57 5.640911626253043249e-57
5.000000000000000000e+00 1.300000000000000000e+01 4.793879999999999697e+00 2.399218074686605178e+02 4.780898074686601831e+02 8.073852722476629455e-58 8.073852722476629455e-58
5.000000000000000000e+00 1.400000000000000000e+01 3.702440000000000175e+00 2.361198074686608379e+02 4.272258074686606051e+02 1.338025150170477369e-47 1.338025150170477369e-47
5.000000000000000000e+00 1.500000000000000000e+01 4.687999999999999806e-02 2.533818074686605542e+02 4.755198074686604741e+02 2.443155421399119874e-54 2.443155421399119874e-54
5.000000000000000000e+00 1.600000000000000000e+01 4.977310000000000123e+00 2.081338074686609616e+02 4.590478074686607215e+02 1.378231240495737957e-60 1.378231240495737957e-60
5.000000000000000000e+00 1.700000000000000000e+01 3.183129999999999793e+00 2.235618074686608452e+02 4.298718074686603359e+02 6.682787095145641978e-51 6.682787095145641978e-51
5.000000000000000000e+00 1.800000000000000000e+01 4.634310000000000151e+00 2.178318074686603723e+02 5.100058074686603504e+02 1.512958195526617231e-69 1.512958195526617231e-69
5.000000000000000000e+00 2.000000000000000000e+01 4.145999999999999908e+00 1.995778074686604668e+02 4.353678074686604305e+02 2.651288341095541873e-57 2.651288341095541873e-57
5.000000000000000000e+00 2.000000000000000000e+01 4.145999999999999908e+00 1.995778074686604668e+02 4.353678074686604305e+02 2.651288341095541873e-57 2.651288341095541873e-57
5.000000000000000000e+00 3.000000000000000000e+00 3.793309999999999960e+00 2.100518074686606269e+02 4.726658074686602049e+02 3.969166989154950095e-63 3.969166989154950095e-63
5.000000000000000000e+00 2.100000000000000000e+01 3.279500000000000082e+00 2.196458074686606778e+02 4.537338074686604159e+02 6.209284601787075878e-57 6.209284601787075878e-57
5.000000000000000000e+00 2.200000000000000000e+01 4.207629999999999981e+00 2.348838074686609616e+02 4.588698074686608379e+02 9.697571587098925684e-55 9.697571587098925684e-55
5.000000000000000000e+00 2.300000000000000000e+01 5.261750000000000149e+00 2.213038074686610344e+02 4.643278074686604668e+02 7.122194358053811948e-59 7.122194358053811948e-59
5.000000000000000000e+00 2.400000000000000000e+01 7.941899999999999515e-01 2.316578074686603941e+02 3.699998074686609471e+02 3.837260633886447160e-36 3.837260633886447160e-36
5.000000000000000000e+00 2.500000000000000000e+01 4.550250000000000128e+00 2.255418074686604086e+02 4.629998074686609471e+02 1.151477255830900200e-57 1.151477255830900200e-57
5.000000000000000000e+00 2.600000000000000000e+01 5.990499999999999936e+00 2.467478074686605396e+02 5.275458074686603140e+02 4.467802237481608818e-67 4.467802237481608818e-67
5.000000000000000000e+00 2.700000000000000000e+01 3.771380000000000177e+00 2.398678074686604305e+02 4.327478074686605396e+02 5.511186034996916600e-48 5.511186034996916600e-48
5.000000000000000000e+00 2.800000000000000000e+01 3.857629999999999892e+00 2.101738074686609252e+02 4.058738074686607433e+02 1.345519052653716170e-48 1.345519052653716170e-48
5.000000000000000000e+00 2.900000000000000000e+01 4.254809999999999981e+00 2.238578074686602122e+02 4.542138074686608888e+02 4.012685008033252656e-56 4.012685008033252656e-56
5.000000000000000000e+00 3.000000000000000000e+01 5.286629999999999718e+00 2.350498074686602195e+02 4.616938074686604523e+02 2.567353244610227377e-55 2.567353244610227377e-55
5.000000000000000000e+00 4.000000000000000000e+00 3.688000000000000167e+00 2.374918074686602267e+02 4.094618074686604814e+02 1.913347615900520016e-43 1.913347615900520016e-43
5.000000000000000000e+00 3.100000000000000000e+01 3.700000000000000178e+00 1.994498074686607652e+02 5.006858074686606415e+02 1.629440965799594890e-71 1.629440965799594890e-71
5.000000000000000000e+00 3.200000000000000000e+01 5.811440000000000161e+00 2.420418074686604086e+02 4.402718074686608816e+02 3.797583503645242857e-49 3.797583503645242857e-49
5.000000000000000000e+00 3.300000000000000000e+01 3.979499999999999815e+00 2.207638074686601612e+02 4.159038074686604887e+02 1.780296371633704050e-48 1.780296371633704050e-48
5.000000000000000000e+00 3.400000000000000000e+01 5.119379999999999598e+00 2.083498074686604014e+02 4.858078074686609398e+02 2.373371517011470019e-66 2.373371517011470019e-66
5.000000000000000000e+00 3.500000000000000000e+01 2.510749999999999815e+00 2.138458074686604959e+02 3.669178074686606124e+02 2.429083472551448786e-39 2.429083472551448786e-39
5.000000000000000000e+00 3.600000000000000000e+01 6.309809999999999697e+00 2.346218074686603359e+02 4.666898074686605469e+02 1.704821810519147354e-56 1.704821810519147354e-56
5.000000000000000000e+00 3.700000000000000000e+01 5.407939999999999969e+00 2.085898074686601831e+02 4.118818074686605542e+02 3.022094207784138876e-50 3.022094207784138876e-50
5.000000000000000000e+00 3.800000000000000000e+01 7.325129999999999697e+00 2.095158074686605687e+02 4.851278074686606487e+02 5.973371600877231031e-66 5.973371600877231031e-66
5.000000000000000000e+00 3.900000000000000000e+01 5.364130000000000287e+00 2.457018074686602631e+02 4.780898074686601831e+02 1.452753317128234016e-56 1.452753317128234016e-56
5.000000000000000000e+00 4.000000000000000000e+01 6.001559999999999562e+00 1.893118074686608452e+02 4.373138074686603431e+02 5.910916924131632966e-60 5.910916924131632966e-60
5.000000000000000000e+00 5.000000000000000000e+00 5.678939999999999877e+00 2.208038074686610344e+02 4.527218074686606997e+02 1.837600409641532753e-56 1.837600409641532753e-56
5.000000000000000000e+00 4.100000000000000000e+01 6.857190000000000119e+00 2.489318074686607360e+02 4.711798074686603286e+02 2.312410320496680586e-54 2.312410320496680586e-54
5.000000000000000000e+00 4.200000000000000000e+01 5.074629999999999974e+00 2.193878074686608670e+02 4.752238074686601976e+02 1.176314281898948122e-61 1.176314281898948122e-61
5.000000000000000000e+00 4.300000000000000000e+01 4.535440000000000360e+00 2.236898074686605469e+02 4.604818074686609179e+02 1.606480382722037817e-57 1.606480382722037817e-57
5.000000000000000000e+00 4.400000000000000000e+01 4.232190000000000119e+00 2.220258074686607870e+02 4.730118074686606633e+02 1.329497388319340002e-60 1.329497388319340002e-60
5.000000000000000000e+00 4.500000000000000000e+01 4.987440000000000317e+00 2.424278074686608306e+02 4.149218074686605178e+02 1.472342082620476660e-43 1.472342082620476660e-43
5.000000000000000000e+00 4.600000000000000000e+01 4.454559999999999853e+00 2.168938074686602704e+02 4.696798074686603286e+02 5.405333007949600215e-61 5.405333007949600215e-61
5.000000000000000000e+00 4.700000000000000000e+01 3.142879999999999896e+00 2.295258074686607870e+02 4.275558074686605323e+02 4.196978847194074520e-49 4.196978847194074520e-49
5.000000000000000000e+00 4.800000000000000000e+01 4.425189999999999735e+00 2.264758074686606051e+02 4.923538074686603068e+02 7.761233977460319089e-64 7.761233977460319089e-64
5.000000000000000000e+00 4.900000000000000000e+01 3.621750000000000025e+00 1.978018074686606269e+02 4.645258074686607870e+02 5.084218545214448070e-64 5.084218545214448070e-64
5.000000000000000000e+00 5.000000000000000000e+01 6.027630000000000265e+00 1.994578074686605760e+02 4.324958074686610416e+02 1.049654009719118602e-56 1.049654009719118602e-56
5.000000000000000000e+00 6.000000000000000000e+00 4.655689999999999884e+00 2.020938074686609980e+02 4.469198074686610198e+02 2.892773915974317859e-59 2.892773915974317859e-59
5.000000000000000000e+00 5.100000000000000000e+01 4.388939999999999841e+00 2.099838074686604159e+02 4.312858074686610053e+02 3.710959280339797926e-54 3.710959280339797926e-54
5.000000000000000000e+00 5.200000000000000000e+01 4.522879999999999789e+00 1.949578074686605760e+02 4.235558074686605323e+02 9.664511762186369907e-56 9.664511762186369907e-56
5.000000000000000000e+00 5.300000000000000000e+01 2.775129999999999875e+00 2.331858074686606415e+02 4.501118074686610271e+02 3.309196187798415698e-53 3.309196187798415698e-53
5.000000000000000000e+00 5.400000000000000000e+01 3.006250000000000089e+00 2.396278074686606487e+02 4.892038074686606706e+02 2.690698881962819639e-60 2.690698881962819639e-60
5.000000000000000000e+00 5.500000000000000000e+01 3.879560000000000120e+00 2.843718074686603359e+02 5.111318074686605542e+02 2.422682754328152869e-55 2.422682754328152869e-55
5.000000000000000000e+00 5.600000000000000000e+01 4.456750000000000433e+00 2.241798074686603286e+02 5.212538074686608525e+02 1.305585889155720571e-70 1.305585889155720571e-70
5.000000000000000000e+00 5.700000000000000000e+01 4.276939999999999742e+00 2.163338074686607797e+02 4.774978074686605396e+02 8.195262523467821730e-63 8.195262523467821730e-63
5.000000000000000000e+00 5.800000000000000000e+01 3.988129999999999953e+00 2.065058074686603504e+02 4.714798074686605105e+02 1.219640625724427961e-63 1.219640625724427961e-63
5.000000000000000000e+00 5.900000000000000000e+01 3.702129999999999921e+00 2.030658074686607506e+02 4.350098074686602558e+02 1.813866210864083574e-56 1.813866210864083574e-56
5.000000000000000000e+00 6.000000000000000000e+01 4.821310000000000429e+00 2.318358074686602777e+02 4.362978074686607215e+02 1.683626398105100304e-50 1.683626398105100304e-50
5.000000000000000000e+00 7.000000000000000000e+00 5.058880000000000265e+00 2.332298074686605105e+02 4.520838074686607797e+02 1.262009530929176713e-53 1.262009530929176713e-53
5.000000000000000000e+00 6.100000000000000000e+01 4.570879999999999832e+00 2.332158074686603868e+02 4.593258074686609689e+02 3.353067177478609486e-55 3.353067177478609486e-55
5.000000000000000000e+00 6.200000000000000000e+01 4.306440000000000268e+00 2.192118074686604814e+02 4.448898074686603650e+02 4.161499650919223173e-55 4.161499650919223173e-55
5.000000000000000000e+00 6.300000000000000000e+01 5.368380000000000152e+00 2.409258074686604232e+02 4.789138074686607069e+02 8.834202019354497783e-58 8.834202019354497783e-58
5.000000000000000000e+00 6.400000000000000000e+01 4.126689999999999969e+00 2.016998074686607652e+02 4.882298074686605105e+02 2.543348986619023391e-68 2.543348986619023391e-68
5.000000000000000000e+00 6.500000000000000000e+01 3.919130000000000003e+00 2.281698074686610198e+02 4.652938074686608161e+02 1.360763158484238668e-57 1.360763158484238668e-57
5.000000000000000000e+00 6.600000000000000000e+01 1.156299999999999967e-01 2.152598074686602558e+02 4.450118074686606633e+02 5.427402156864935318e-56 5.427402156864935318e-56
5.000000000000000000e+00 6.700000000000000000e+01 4.317750000000000199e+00 1.994638074686608888e+02 4.007178074686607943e+02 8.372479166433978564e-50 8.372479166433978564e-50
5.000000000000000000e+00 6.800000000000000000e+01 4.333440000000000403e+00 1.913178074686602486e+02 4.268018074686606269e+02 3.089612530257648277e-57 3.089612530257648277e-57
5.000000000000000000e+00 6.900000000000000000e+01 4.713440000000000296e+00 2.091438074686602704e+02 4.566778074686608306e+02 7.469297615072709048e-60 7.469297615072709048e-60
5.000000000000000000e+00 7.000000000000000000e+01 5.166000000000000369e+00 2.250938074686609980e+02 4.077398074686607288e+02 9.194538489871213381e-46 9.194538489871213381e-46
5.000000000000000000e+00 8.000000000000000000e+00 4.814750000000000085e+00 2.132698074686604741e+02 4.755098074686602558e+02 4.785336021044179013e-63 4.785336021044179013e-63
5.000000000000000000e+00 7.100000000000000000e+01 3.883630000000000138e+00 2.192938074686608161e+02 4.662078074686605760e+02 1.018382795332178680e-59 1.018382795332178680e-59
5.000000000000000000e+00 7.200000000000000000e+01 3.730879999999999974e+00 2.285238074686603795e+02 4.194738074686601976e+02 1.446569307719706788e-47 1.446569307719706788e-47
5.000000000000000000e+00 7.300000000000000000e+01 4.660689999999999777e+00 1.900478074686607215e+02 4.124138074686607069e+02 2.179924862200531289e-54 2.179924862200531289e-54
5.000000000000000000e+00 7.400000000000000000e+01 3.749690000000000190e+00 2.592678074686609762e+02 5.287658074686605687e+02 1.270158047105155300e-64 1.270158047105155300e-64
5.000000000000000000e+00 7.500000000000000000e+01 1.013249999999999984e+00 2.129478074686603577e+02 4.289518074686602631e+02 5.247256225807661180e-53 5.247256225807661180e-53
5.000000000000000000e+00 7.600000000000000000e+01 4.957130000000000258e+00 2.216178074686604305e+02 4.312778074686602849e+02 1.251740684657018429e-51 1.251740684657018429e-51
5.000000000000000000e+00 7.700000000000000000e+01 2.901499999999999968e+00 2.121938074686604523e+02 4.668898074686603650e+02 2.080037786812239186e-61 2.080037786812239186e-61
5.000000000000000000e+00 7.800000000000000000e+01 3.654129999999999878e+00 2.105178074686609762e+02 4.353438074686609980e+02 6.371758571231738717e-55 6.371758571231738717e-55
5.000000000000000000e+00 7.900000000000000000e+01 3.435630000000000184e+00 2.319398074686605469e+02 4.694018074686609907e+02 1.149176602739268802e-57 1.149176602739268802e-57
5.000000000000000000e+00 8.000000000000000000e+01 3.858810000000000073e+00 2.286778074686608306e+02 4.460938074686609980e+02 2.590122874122792378e-53 2.590122874122792378e-53
5.000000000000000000e+00 9.000000000000000000e+00 3.920380000000000198e+00 2.099298074686603286e+02 4.320178074686609762e+02 2.505004195350838875e-54 2.505004195350838875e-54
5.000000000000000000e+00 8.100000000000000000e+01 3.989129999999999843e+00 2.329538074686606706e+02 4.205798074686608743e+02 7.623188788691807981e-47 7.623188788691807981e-47
5.000000000000000000e+00 8.200000000000000000e+01 4.322309999999999874e+00 1.850758074686609689e+02 4.260238074686603795e+02 2.010997326402346131e-58 2.010997326402346131e-58
5.000000000000000000e+00 8.300000000000000000e+01 3.698999999999999844e+00 1.873338074686607797e+02 3.910818074686603723e+02 2.405962514326095803e-50 2.405962514326095803e-50
5.000000000000000000e+00 8.400000000000000000e+01 5.349630000000000329e+00 2.124218074686605178e+02 4.627218074686606997e+02 1.873486188682127822e-60 1.873486188682127822e-60
5.000000000000000000e+00 8.500000000000000000e+01 4.974940000000000140e+00 2.226018074686608088e+02 4.570738074686605614e+02 5.124565230274476506e-57 5.124565230274476506e-57
5.000000000000000000e+00 8.600000000000000000e+01 4.742810000000000414e+00 2.328078074686609398e+02 4.500178074686609762e+02 2.871128954416559519e-53 2.871128954416559519e-53
5.000000000000000000e+00 8.700000000000000000e+01 4.251999999999999780e+00 2.133838074686609616e+02 4.405738074686605614e+02 1.953994037769205576e-55 1.953994037769205576e-55
5.000000000000000000e+00 8.800000000000000000e+01 6.855439999999999756e+00 2.095618074686608452e+02 4.512398074686607288e+02 1.396027608912748325e-58 1.396027608912748325e-58
5.000000000000000000e+00 8.900000000000000000e+01 5.473250000000000171e+00 1.843618074686610271e+02 3.945198074686604741e+02 9.758319696296638402e-52 9.758319696296638402e-52
5.000000000000000000e+00 9.000000000000000000e+01 3.195380000000000109e+00 2.247698074686604741e+02 4.253518074686608088e+02 1.171593683200503949e-49 1.171593683200503949e-49
5.000000000000000000e+00 1.000000000000000000e+01 3.200190000000000090e+00 1.969598074686609834e+02 4.173418074686605905e+02 5.878434055363004630e-54 5.878434055363004630e-54
5.000000000000000000e+00 9.100000000000000000e+01 3.532560000000000144e+00 1.958358074686602777e+02 4.301258074686602413e+02 5.612777462144252672e-57 5.612777462144252672e-57
5.000000000000000000e+00 9.200000000000000000e+01 4.634629999999999583e+00 2.153538074686603068e+02 4.121898074686605469e+02 7.624486259010582883e-49 7.624486259010582883e-49
5.000000000000000000e+00 9.300000000000000000e+01 6.299000000000000377e+00 2.357598074686602558e+02 4.896578074686603941e+02 3.099950241659667809e-61 3.099950241659667809e-61
5.000000000000000000e+00 9.400000000000000000e+01 5.491249999999999964e+00 2.155658074686607506e+02 4.610218074686608816e+02 2.111114219653673056e-59 2.111114219653673056e-59
5.000000000000000000e+00 9.500000000000000000e+01 3.230129999999999946e+00 2.034418074686609543e+02 4.438338074686607797e+02 2.655494212138141611e-58 2.655494212138141611e-58
5.000000000000000000e+00 9.600000000000000000e+01 3.511000000000000121e+00 2.275738074686605614e+02 4.733558074686607142e+02 1.793584038754485072e-59 1.793584038754485072e-59
5.000000000000000000e+00 9.700000000000000000e+01 5.692000000000000171e+00 2.362898074686609107e+02 5.110898074686601831e+02 8.964851345380416625e-66 8.964851345380416625e-66
5.000000000000000000e+00 9.800000000000000000e+01 4.665939999999999976e+00 2.493478074686609034e+02 4.087338074686604159e+02 1.033652976834543408e-40 1.033652976834543408e-40
5.000000000000000000e+00 9.900000000000000000e+01 4.493439999999999657e+00 1.979298074686603286e+02 3.881938074686604523e+02 2.038460280399870957e-47 2.038460280399870957e-47
