#sample noise bias chi2_TATT chi2_NLA bayes_fac bayes_fac_err
2.400000000000000000e+01 1.000000000000000000e+00 3.774500000000000188e+00 2.036618074686602995e+02 4.759498074686607652e+02 8.718522128645169876e-65 8.718522128645169876e-65
2.400000000000000000e+01 5.000000000000000000e+00 2.929940000000000211e+00 2.213938074686602704e+02 4.928938074686602704e+02 1.292870124820390906e-64 1.292870124820390906e-64
2.400000000000000000e+01 9.000000000000000000e+00 2.750690000000000079e+00 2.105518074686606269e+02 4.362458074686610416e+02 1.143408507059423398e-54 1.143408507059423398e-54
2.400000000000000000e+01 1.300000000000000000e+01 2.667129999999999779e+00 2.379818074686609179e+02 4.838878074686608670e+02 4.668973241779223658e-59 4.668973241779223658e-59
2.400000000000000000e+01 1.700000000000000000e+01 3.703380000000000116e+00 2.321338074686609616e+02 4.754378074686601394e+02 1.714898837400780330e-58 1.714898837400780330e-58
2.400000000000000000e+01 2.100000000000000000e+01 2.365559999999999885e+00 2.165538074686610344e+02 5.181178074686604305e+02 3.830365773539990541e-71 3.830365773539990541e-71
2.400000000000000000e+01 2.500000000000000000e+01 3.004879999999999995e+00 2.207198074686602922e+02 4.858638074686605250e+02 3.102721274507323459e-63 3.102721274507323459e-63
2.400000000000000000e+01 2.900000000000000000e+01 2.188499999999999890e+00 2.223478074686609034e+02 4.814498074686607652e+02 6.364237721732536643e-62 6.364237721732536643e-62
2.400000000000000000e+01 3.300000000000000000e+01 1.857499999999999984e-01 2.190418074686604086e+02 4.751258074686602413e+02 2.878039608622127456e-61 2.878039608622127456e-61
2.400000000000000000e+01 3.700000000000000000e+01 2.612880000000000091e+00 2.111798074686603286e+02 4.762498074686609471e+02 3.219672212161700573e-63 3.219672212161700573e-63
2.400000000000000000e+01 4.100000000000000000e+01 2.806379999999999875e+00 2.484058074686608961e+02 4.862478074686605396e+02 2.632065762611322004e-57 2.632065762611322004e-57
2.400000000000000000e+01 4.500000000000000000e+01 2.513999999999999790e+00 2.419378074686601394e+02 4.391478074686601758e+02 1.751553593818567227e-48 1.751553593818567227e-48
2.400000000000000000e+01 4.900000000000000000e+01 2.672940000000000094e+00 1.950038074686608525e+02 4.830898074686601831e+02 3.235569714014937062e-68 3.235569714014937062e-68
2.400000000000000000e+01 5.300000000000000000e+01 2.111000000000000210e+00 2.357298074686605105e+02 4.600458074686603140e+02 2.277352809501791177e-54 2.277352809501791177e-54
2.400000000000000000e+01 5.700000000000000000e+01 3.509129999999999860e+00 2.148758074686602413e+02 4.933498074686604014e+02 3.955214503944649335e-66 3.955214503944649335e-66
2.400000000000000000e+01 6.100000000000000000e+01 3.729629999999999779e+00 2.300178074686609762e+02 4.838278074686604668e+02 8.972006767257398117e-61 8.972006767257398117e-61
2.400000000000000000e+01 6.500000000000000000e+01 3.187310000000000088e+00 2.283138074686603431e+02 5.107458074686610416e+02 5.466398165481957005e-67 5.466398165481957005e-67
2.400000000000000000e+01 6.900000000000000000e+01 3.682749999999999968e+00 2.084438074686604523e+02 4.689758074686606051e+02 3.113334891067760325e-62 3.113334891067760325e-62
2.400000000000000000e+01 7.300000000000000000e+01 2.752689999999999859e+00 1.851138074686605250e+02 4.741698074686610198e+02 1.992131202853256825e-68 1.992131202853256825e-68
2.400000000000000000e+01 7.700000000000000000e+01 2.929809999999999803e+00 2.128538074686603068e+02 4.810958074686604959e+02 6.592051795501241057e-64 6.592051795501241057e-64
2.400000000000000000e+01 8.100000000000000000e+01 1.521060000000000079e+00 2.350578074686609398e+02 5.049458074686608597e+02 2.894651286057579442e-64 2.894651286057579442e-64
2.400000000000000000e+01 8.500000000000000000e+01 4.195630000000000415e+00 2.224418074686609543e+02 5.032318074686609179e+02 1.242387381056256948e-66 1.242387381056256948e-66
2.400000000000000000e+01 8.900000000000000000e+01 2.617560000000000109e+00 1.843018074686606269e+02 4.402598074686602558e+02 3.065189427553640101e-61 3.065189427553640101e-61
2.400000000000000000e+01 9.300000000000000000e+01 1.949000000000000066e+00 2.360578074686609398e+02 4.818118074686608452e+02 5.037647387621699400e-59 5.037647387621699400e-59
2.400000000000000000e+01 9.700000000000000000e+01 2.342309999999999892e+00 2.360518074686606269e+02 5.813098074686604377e+02 1.245112811936042794e-80 1.245112811936042794e-80
2.400000000000000000e+01 2.000000000000000000e+00 3.351939999999999920e+00 2.071778074686608306e+02 5.189878074686603213e+02 2.282178540190592212e-73 2.282178540190592212e-73
2.400000000000000000e+01 6.000000000000000000e+00 3.684810000000000141e+00 2.019598074686609834e+02 4.954518074686602631e+02 2.167967548094423905e-69 2.167967548094423905e-69
2.400000000000000000e+01 1.000000000000000000e+01 2.569310000000000205e+00 1.997998074686602195e+02 4.842638074686601612e+02 1.979055931813573892e-67 1.979055931813573892e-67
2.400000000000000000e+01 1.400000000000000000e+01 3.676689999999999792e+00 2.357618074686606633e+02 4.764078074686603941e+02 6.477626043565355748e-58 6.477626043565355748e-58
2.400000000000000000e+01 1.800000000000000000e+01 3.675250000000000128e+00 2.231638074686607069e+02 5.225678074686602486e+02 1.127919976644366764e-70 1.127919976644366764e-70
2.400000000000000000e+01 2.200000000000000000e+01 2.274129999999999985e+00 2.317698074686604741e+02 5.298818074686605542e+02 2.151951721644627057e-70 2.151951721644627057e-70
2.400000000000000000e+01 2.600000000000000000e+01 3.186630000000000074e+00 2.480018074686604450e+02 5.664438074686604523e+02 8.283790660206130440e-75 8.283790660206130440e-75
2.400000000000000000e+01 3.000000000000000000e+01 2.294439999999999813e+00 2.348378074686606851e+02 5.107158074686603868e+02 1.448385869461863236e-65 1.448385869461863236e-65
2.400000000000000000e+01 3.400000000000000000e+01 3.355750000000000011e+00 2.115638074686603431e+02 5.339918074686602267e+02 1.128964310244322924e-75 1.128964310244322924e-75
2.400000000000000000e+01 3.800000000000000000e+01 3.843309999999999782e+00 2.084118074686602995e+02 5.271018074686608088e+02 7.317733675317072506e-75 7.317733675317072506e-75
2.400000000000000000e+01 4.200000000000000000e+01 1.617129999999999956e+00 2.192098074686609834e+02 5.082958074686603140e+02 1.962472233187696592e-68 1.962472233187696592e-68
2.400000000000000000e+01 4.600000000000000000e+01 3.214749999999999996e+00 2.106378074686608670e+02 5.567698074686604741e+02 8.043073053941151347e-81 8.043073053941151347e-81
2.400000000000000000e+01 5.000000000000000000e+01 1.762999999999999984e-02 2.004798074686605105e+02 4.609018074686609907e+02 3.289364759498855919e-62 3.289364759498855919e-62
2.400000000000000000e+01 5.400000000000000000e+01 3.408749999999999947e+00 2.377258074686606051e+02 4.907458074686610416e+02 1.331790500614603898e-60 1.331790500614603898e-60
2.400000000000000000e+01 5.800000000000000000e+01 2.997500000000000053e+00 2.037438074686606342e+02 5.286518074686609907e+02 3.267044540010758533e-76 3.267044540010758533e-76
2.400000000000000000e+01 6.200000000000000000e+01 3.222939999999999916e+00 2.179898074686607288e+02 5.248058074686605323e+02 2.771934339106550081e-72 2.771934339106550081e-72
2.400000000000000000e+01 6.600000000000000000e+01 3.109500000000000153e+00 2.151218074686603359e+02 4.614678074686607943e+02 3.746938793710684827e-59 3.746938793710684827e-59
2.400000000000000000e+01 7.000000000000000000e+01 2.223250000000000171e+00 2.239338074686602340e+02 4.489278074686608306e+02 1.622573907153344379e-54 1.622573907153344379e-54
2.400000000000000000e+01 7.400000000000000000e+01 2.681880000000000042e+00 2.610198074686604741e+02 5.252798074686606924e+02 4.827262597058304593e-63 4.827262597058304593e-63
2.400000000000000000e+01 7.800000000000000000e+01 2.733309999999999906e+00 2.104218074686605178e+02 4.446338074686609616e+02 1.616371635223437114e-56 1.616371635223437114e-56
2.400000000000000000e+01 8.200000000000000000e+01 2.944059999999999899e+00 1.854438074686604523e+02 4.703258074686609689e+02 1.605796554144904234e-67 1.605796554144904234e-67
2.400000000000000000e+01 8.600000000000000000e+01 2.380129999999999857e+00 2.345178074686609762e+02 5.293058074686605323e+02 1.134044124309145278e-69 1.134044124309145278e-69
2.400000000000000000e+01 9.000000000000000000e+01 2.117560000000000109e+00 2.216098074686606196e+02 4.701458074686606778e+02 1.253499431308713375e-59 1.253499431308713375e-59
2.400000000000000000e+01 9.400000000000000000e+01 3.219939999999999802e+00 2.173558074686607142e+02 4.826318074686605542e+02 2.904553148361104768e-63 2.904553148361104768e-63
2.400000000000000000e+01 9.800000000000000000e+01 1.452809999999999935e+00 2.527818074686601904e+02 4.633318074686603723e+02 2.221668390721549358e-51 2.221668390721549358e-51
2.400000000000000000e+01 3.000000000000000000e+00 3.420059999999999878e+00 2.077938074686608161e+02 4.951438074686602704e+02 4.674887142839182946e-68 4.674887142839182946e-68
2.400000000000000000e+01 7.000000000000000000e+00 2.493500000000000050e+00 2.322758074686607870e+02 5.034698074686602922e+02 1.506613850982389531e-64 1.506613850982389531e-64
2.400000000000000000e+01 1.100000000000000000e+01 3.064189999999999969e+00 1.921738074686609252e+02 4.487398074686607288e+02 2.261683326849722848e-61 2.261683326849722848e-61
2.400000000000000000e+01 1.500000000000000000e+01 3.239189999999999792e+00 2.522138074686608888e+02 5.050338074686605978e+02 1.471856130249203734e-60 1.471856130249203734e-60
2.400000000000000000e+01 1.900000000000000000e+01 3.708439999999999959e+00 2.239298074686603286e+02 4.931958074686608597e+02 3.950588874302836499e-64 3.950588874302836499e-64
2.400000000000000000e+01 2.300000000000000000e+01 2.158630000000000049e+00 2.213338074686607797e+02 4.842118074686604814e+02 9.633817424922415048e-63 9.633817424922415048e-63
2.400000000000000000e+01 2.700000000000000000e+01 2.948059999999999903e+00 2.408698074686608379e+02 4.843378074686606851e+02 1.579888210897779294e-58 1.579888210897779294e-58
2.400000000000000000e+01 3.100000000000000000e+01 2.338379999999999903e+00 2.004698074686602922e+02 5.278118074686608452e+02 9.674280399392719936e-77 9.674280399392719936e-77
2.400000000000000000e+01 3.500000000000000000e+01 2.472750000000000004e+00 2.098618074686610271e+02 4.028978074686601758e+02 1.411874238668024220e-47 1.411874238668024220e-47
2.400000000000000000e+01 3.900000000000000000e+01 2.561500000000000110e+00 2.479258074686604232e+02 5.317918074686604086e+02 2.668775969441694277e-67 2.668775969441694277e-67
2.400000000000000000e+01 4.300000000000000000e+01 3.946250000000000036e+00 2.210818074686603723e+02 5.330378074686605032e+02 2.121515065227547306e-73 2.121515065227547306e-73
2.400000000000000000e+01 4.700000000000000000e+01 3.066310000000000091e+00 2.286978074686603577e+02 4.360498074686602195e+02 1.099299708008805733e-50 1.099299708008805733e-50
2.400000000000000000e+01 5.100000000000000000e+01 1.403939999999999966e+00 2.133558074686607142e+02 4.705738074686605614e+02 1.632494757647915265e-61 1.632494757647915265e-61
2.400000000000000000e+01 5.500000000000000000e+01 3.575750000000000206e+00 2.842238074686601976e+02 5.351118074686610271e+02 3.867175044884109788e-60 3.867175044884109788e-60
2.400000000000000000e+01 5.900000000000000000e+01 2.592130000000000045e+00 2.043398074686601831e+02 4.481338074686609616e+02 1.342259102658220005e-58 1.342259102658220005e-58
2.400000000000000000e+01 6.300000000000000000e+01 2.815059999999999896e+00 2.403098074686604377e+02 5.496138074686605250e+02 7.989518433816785948e-73 7.989518433816785948e-73
2.400000000000000000e+01 6.700000000000000000e+01 2.813810000000000144e+00 1.991338074686609616e+02 4.464458074686608597e+02 2.311598288196073119e-59 2.311598288196073119e-59
2.400000000000000000e+01 7.100000000000000000e+01 1.513309999999999933e+00 2.173278074686604668e+02 4.935678074686602486e+02 1.208584382514274426e-65 1.208584382514274426e-65
2.400000000000000000e+01 7.500000000000000000e+01 2.490000000000000213e+00 2.115278074686602849e+02 4.152138074686608888e+02 6.873499381779351762e-50 6.873499381779351762e-50
2.400000000000000000e+01 7.900000000000000000e+01 3.372630000000000017e+00 2.307398074686607288e+02 5.041218074686603359e+02 5.045262796315094003e-65 5.045262796315094003e-65
2.400000000000000000e+01 8.300000000000000000e+01 3.011060000000000070e+00 1.902398074686607288e+02 4.349018074686609907e+02 8.696661226492547069e-59 8.696661226492547069e-59
2.400000000000000000e+01 8.700000000000000000e+01 3.649690000000000101e+00 2.175178074686609762e+02 5.079838074686604159e+02 9.843291083735145870e-69 9.843291083735145870e-69
2.400000000000000000e+01 9.100000000000000000e+01 2.027249999999999996e+00 1.950138074686601612e+02 4.532398074686607288e+02 9.862054005577613030e-62 9.862054005577613030e-62
2.400000000000000000e+01 9.500000000000000000e+01 2.079810000000000159e+00 2.025478074686607215e+02 4.521118074686610271e+02 7.497159968242332754e-60 7.497159968242332754e-60
2.400000000000000000e+01 9.900000000000000000e+01 2.571629999999999860e+00 1.989598074686609834e+02 4.366818074686607360e+02 2.794823619651332251e-57 2.794823619651332251e-57
2.400000000000000000e+01 4.000000000000000000e+00 1.667810000000000015e+00 2.379838074686604159e+02 4.593638074686605250e+02 9.884953178232287643e-54 9.884953178232287643e-54
2.400000000000000000e+01 8.000000000000000000e+00 1.991940000000000044e+00 2.122118074686604814e+02 4.703518074686608088e+02 1.029537189748698040e-61 1.029537189748698040e-61
2.400000000000000000e+01 1.200000000000000000e+01 3.907439999999999802e+00 2.352798074686606924e+02 5.375898074686601831e+02 2.637839737312311930e-71 2.637839737312311930e-71
2.400000000000000000e+01 1.600000000000000000e+01 3.358880000000000088e+00 2.052638074686601612e+02 4.905878074686606851e+02 1.287393882610482865e-67 1.287393882610482865e-67
2.400000000000000000e+01 2.000000000000000000e+01 2.815809999999999924e+00 1.977778074686602849e+02 4.652678074686609762e+02 9.600974943225913066e-64 9.600974943225913066e-64
2.400000000000000000e+01 2.400000000000000000e+01 2.585379999999999789e+00 2.346838074686602340e+02 4.624678074686607943e+02 4.021274181400585372e-55 4.021274181400585372e-55
2.400000000000000000e+01 2.800000000000000000e+01 2.581690000000000040e+00 2.094018074686609907e+02 4.528118074686608452e+02 1.626375780819480397e-58 1.626375780819480397e-58
2.400000000000000000e+01 3.200000000000000000e+01 2.138310000000000155e+00 2.423858074686604596e+02 4.398518074686608088e+02 1.541110348273970198e-48 1.541110348273970198e-48
2.400000000000000000e+01 3.600000000000000000e+01 3.317880000000000162e+00 2.388398074686601831e+02 5.640898074686601831e+02 2.753535619814223287e-76 2.753535619814223287e-76
2.400000000000000000e+01 4.000000000000000000e+01 2.725630000000000219e+00 1.889858074686608234e+02 5.106058074686607142e+02 1.690967199858813637e-75 1.690967199858813637e-75
2.400000000000000000e+01 4.400000000000000000e+01 3.731689999999999952e+00 2.213678074686604305e+02 5.034538074686606706e+02 6.498815495836522581e-67 6.498815495836522581e-67
2.400000000000000000e+01 4.800000000000000000e+01 3.670500000000000096e+00 2.285498074686602195e+02 5.266798074686603286e+02 2.132671049319619347e-70 2.132671049319619347e-70
2.400000000000000000e+01 5.200000000000000000e+01 3.182380000000000209e+00 1.932418074686602267e+02 4.715098074686602558e+02 4.384321298675752238e-66 4.384321298675752238e-66
2.400000000000000000e+01 5.600000000000000000e+01 2.785439999999999916e+00 2.215878074686606851e+02 4.980918074686605905e+02 1.059132040409883742e-65 1.059132040409883742e-65
2.400000000000000000e+01 6.000000000000000000e+01 2.400999999999999801e+00 2.337038074686606706e+02 4.800198074686604741e+02 3.803566521812423714e-59 3.803566521812423714e-59
2.400000000000000000e+01 6.400000000000000000e+01 2.764250000000000096e+00 2.035678074686602486e+02 4.971158074686609325e+02 2.108106423368160412e-69 2.108106423368160412e-69
2.400000000000000000e+01 6.800000000000000000e+01 3.395630000000000148e+00 1.891438074686602704e+02 4.859238074686609252e+02 4.188636267758805640e-70 4.188636267758805640e-70
2.400000000000000000e+01 7.200000000000000000e+01 2.815059999999999896e+00 2.291878074686601394e+02 4.473458074686604959e+02 4.950203203593186559e-53 4.950203203593186559e-53
2.400000000000000000e+01 7.600000000000000000e+01 3.415379999999999860e+00 2.242138074686608888e+02 4.841378074686608670e+02 4.219406439108812666e-62 4.219406439108812666e-62
2.400000000000000000e+01 8.000000000000000000e+01 2.606500000000000039e+00 2.299478074686603577e+02 4.668938074686602704e+02 4.119653257197726798e-57 4.119653257197726798e-57
2.400000000000000000e+01 8.400000000000000000e+01 2.241379999999999928e+00 2.133518074686608088e+02 4.876218074686603359e+02 3.236361622822812052e-65 3.236361622822812052e-65
2.400000000000000000e+01 8.800000000000000000e+01 2.667380000000000084e+00 2.091378074686608670e+02 4.767258074686606051e+02 9.141867167652245297e-64 9.141867167652245297e-64
2.400000000000000000e+01 9.200000000000000000e+01 3.668000000000000149e+00 2.140838074686607797e+02 4.577158074686603868e+02 1.455506706575241789e-58 1.455506706575241789e-58
2.400000000000000000e+01 9.600000000000000000e+01 2.269190000000000040e+00 2.268878074686608670e+02 5.116278074686606487e+02 1.723953033094703986e-67 1.723953033094703986e-67
