1.000000000000000000e+01 5.900000000000000000e+01 7.711500000000000021e+00 2.013158074686607506e+02 1.479743807468660634e+03 9.297719667706332215e-287 9.297719667706332215e-287
1.000000000000000000e+01 6.000000000000000000e+01 3.740689999999999849e+00 2.337378074686603213e+02 1.575891807468660772e+03 1.350365615385459985e-300 1.350365615385459985e-300
1.000000000000000000e+01 6.900000000000000000e+01 3.208750000000000213e+00 2.079678074686607943e+02 1.613475807468660605e+03 2.362136919859732206e-314 2.362136919859732206e-314
1.000000000000000000e+01 3.100000000000000000e+01 5.048750000000000071e+00 1.982098074686609834e+02 1.705289807468660911e+03 0.000000000000000000e+00 0.000000000000000000e+00
1.000000000000000000e+01 3.200000000000000000e+01 4.297310000000000407e+00 2.372058074686601685e+02 1.505343807468660998e+03 1.595223567442956041e-284 1.595223567442956041e-284
1.000000000000000000e+01 3.300000000000000000e+01 2.951379999999999892e+00 2.179978074686605396e+02 1.541785807468661005e+03 1.313946245302248022e-296 1.313946245302248022e-296
1.000000000000000000e+01 3.400000000000000000e+01 4.665809999999999569e+00 2.106078074686602122e+02 1.705795807468660314e+03 0.000000000000000000e+00 0.000000000000000000e+00
1.000000000000000000e+01 3.500000000000000000e+01 2.405060000000000198e+00 2.156338074686609616e+02 1.389389807468660365e+03 4.984395011232649945e-264 4.984395011232649945e-264
1.000000000000000000e+01 3.600000000000000000e+01 4.497630000000000017e+00 2.379258074686604232e+02 1.732317807468660249e+03 0.000000000000000000e+00 0.000000000000000000e+00
1.000000000000000000e+01 3.700000000000000000e+01 6.817809999999999704e+00 2.087478074686605396e+02 1.592621807468660336e+03 1.177791669936955265e-309 1.177791669936955265e-309
1.000000000000000000e+01 3.800000000000000000e+01 3.134129999999999860e+00 2.094278074686608306e+02 1.679503807468660852e+03 0.000000000000000000e+00 0.000000000000000000e+00
1.000000000000000000e+01 3.900000000000000000e+01 4.130060000000000286e+00 2.471018074686608088e+02 1.690381807468660554e+03 1.482196937523739633e-322 1.482196937523739633e-322
1.000000000000000000e+01 4.000000000000000000e+01 4.152689999999999770e+00 1.904558074686601685e+02 1.694135807468660460e+03 0.000000000000000000e+00 0.000000000000000000e+00
1.000000000000000000e+01 7.000000000000000000e+01 1.201000000000000068e+00 2.258458074686604959e+02 1.516193807468660452e+03 2.398729828326727022e-289 2.398729828326727022e-289
1.000000000000000000e+01 4.100000000000000000e+01 4.265500000000000291e+00 2.481278074686606487e+02 1.584393807468660270e+03 2.564568629898184146e-299 2.564568629898184146e-299
1.000000000000000000e+01 4.200000000000000000e+01 3.415939999999999976e+00 2.189358074686606415e+02 1.638231807468660918e+03 2.394853278950586375e-317 2.394853278950586375e-317
1.000000000000000000e+01 4.300000000000000000e+01 2.885629999999999917e+00 2.211078074686602122e+02 1.678917807468660612e+03 0.000000000000000000e+00 0.000000000000000000e+00
1.000000000000000000e+01 4.400000000000000000e+01 3.603499999999999925e+00 2.203358074686602777e+02 1.609903807468660489e+03 6.833325184269300660e-311 6.833325184269300660e-311
1.000000000000000000e+01 4.500000000000000000e+01 1.281879999999999908e+00 2.376138074686605250e+02 1.460905807468660896e+03 8.729848861370779691e-275 8.729848861370779691e-275
1.000000000000000000e+01 4.600000000000000000e+01 2.168810000000000127e+00 2.093618074686610271e+02 1.741057807468660940e+03 0.000000000000000000e+00 0.000000000000000000e+00
1.000000000000000000e+01 4.700000000000000000e+01 8.329499999999999460e+00 2.302438074686606342e+02 1.482539807468660911e+03 4.394081909958057738e-281 4.394081909958057738e-281
1.000000000000000000e+01 4.800000000000000000e+01 3.240250000000000075e+00 2.273138074686603431e+02 1.684317807468660249e+03 0.000000000000000000e+00 0.000000000000000000e+00
1.000000000000000000e+01 4.900000000000000000e+01 3.916560000000000041e+00 1.993218074686601540e+02 1.681699807468660765e+03 0.000000000000000000e+00 0.000000000000000000e+00
1.000000000000000000e+01 5.000000000000000000e+01 3.133500000000000174e+00 2.023338074686607797e+02 1.556271807468660882e+03 3.728964797588089614e-303 3.728964797588089614e-303
1.000000000000000000e+01 7.100000000000000000e+01 4.822000000000000064e+00 2.199278074686608306e+02 1.604343807468660998e+03 8.982033568222265343e-310 8.982033568222265343e-310
1.000000000000000000e+01 5.100000000000000000e+01 3.661000000000000032e+00 2.134198074686610198e+02 1.585203807468660671e+03 4.970254434953084619e-307 4.970254434953084619e-307
1.000000000000000000e+01 5.200000000000000000e+01 5.445560000000000400e+00 1.933878074686608670e+02 1.493983807468660416e+03 1.427763944168759538e-291 1.427763944168759538e-291
1.000000000000000000e+01 5.300000000000000000e+01 4.910999999999999588e+00 2.318818074686605542e+02 1.516607807468660212e+03 3.988256891174986391e-288 3.988256891174986391e-288
1.000000000000000000e+01 5.400000000000000000e+01 4.510060000000000180e+00 2.390098074686602558e+02 1.562627807468660649e+03 1.430515701984890287e-296 1.430515701984890287e-296
1.000000000000000000e+01 5.500000000000000000e+01 3.927500000000000213e+00 2.839118074686602995e+02 1.655973807468660198e+03 4.325254717864569710e-307 4.325254717864569710e-307
1.000000000000000000e+01 5.600000000000000000e+01 3.191940000000000222e+00 2.204778074686610125e+02 1.619381807468660554e+03 6.417198109637281957e-313 6.417198109637281957e-313
1.000000000000000000e+01 5.700000000000000000e+01 4.708800000000000208e-01 2.131038074686603068e+02 1.608093807468660998e+03 4.542131966273886372e-312 4.542131966273886372e-312
1.000000000000000000e+01 5.800000000000000000e+01 1.934749999999999970e+00 2.043658074686609325e+02 1.670077807468660467e+03 0.000000000000000000e+00 0.000000000000000000e+00
1.000000000000000000e+01 7.200000000000000000e+01 3.970130000000000159e+00 2.289498074686607652e+02 1.487719807468660292e+03 1.726064062440693693e-282 1.726064062440693693e-282
1.000000000000000000e+01 7.300000000000000000e+01 2.289499999999999869e+00 1.811938074686604523e+02 1.551465807468660387e+03 1.058535066957047944e-306 1.058535066957047944e-306
1.000000000000000000e+01 7.400000000000000000e+01 4.293190000000000062e+00 2.588078074686609398e+02 1.645651807468660991e+03 2.667725700699337400e-310 2.667725700699337400e-310
1.000000000000000000e+01 7.500000000000000000e+01 2.772689999999999877e+00 2.083958074686606778e+02 1.431161807468660299e+03 1.135602065128565252e-274 1.135602065128565252e-274
1.000000000000000000e+01 7.600000000000000000e+01 4.055500000000000327e+00 2.216778074686608306e+02 1.610671807468660518e+03 9.104887934076362574e-311 9.104887934076362574e-311
1.000000000000000000e+01 7.700000000000000000e+01 3.189560000000000173e+00 2.111318074686605542e+02 1.613183807468660234e+03 1.329737548629745400e-313 1.329737548629745400e-313
1.000000000000000000e+01 7.800000000000000000e+01 2.721189999999999998e+00 2.106378074686608670e+02 1.498271807468660882e+03 9.317919359265688567e-289 9.317919359265688567e-289
1.000000000000000000e+01 6.100000000000000000e+01 3.250129999999999963e+00 2.307618074686606633e+02 1.542203807468660671e+03 6.301986013960807735e-294 6.301986013960807735e-294
1.000000000000000000e+01 7.900000000000000000e+01 3.750690000000000079e+00 2.316658074686602049e+02 1.563003807468660852e+03 3.013810412711710697e-298 3.013810412711710697e-298
1.000000000000000000e+01 8.000000000000000000e+01 2.559250000000000025e+00 2.274718074686606997e+02 1.542737807468660321e+03 9.313359893735655350e-295 9.313359893735655350e-295
1.000000000000000000e+01 8.100000000000000000e+01 4.564250000000000362e+00 2.350898074686601831e+02 1.623219807468660292e+03 1.402457860446147344e-310 1.402457860446147344e-310
1.000000000000000000e+01 8.200000000000000000e+01 4.462500000000000355e+00 1.867078074686605760e+02 1.610587807468660685e+03 2.420338667160015396e-318 2.420338667160015396e-318
1.000000000000000000e+01 8.300000000000000000e+01 4.370499999999999829e+00 1.894758074686606051e+02 1.507871807468660336e+03 1.947311916148819212e-295 1.947311916148819212e-295
1.000000000000000000e+01 8.400000000000000000e+01 2.854309999999999903e+00 2.137998074686602195e+02 1.616409807468660802e+03 1.005999516373198013e-313 1.005999516373198013e-313
1.000000000000000000e+01 8.500000000000000000e+01 5.519379999999999953e+00 2.226078074686602122e+02 1.619745807468661042e+03 1.551770439181447584e-312 1.551770439181447584e-312
1.000000000000000000e+01 8.600000000000000000e+01 4.785809999999999675e+00 2.350678074686602486e+02 1.690585807468660278e+03 0.000000000000000000e+00 0.000000000000000000e+00
1.000000000000000000e+01 8.700000000000000000e+01 5.138630000000000031e+00 2.173278074686604668e+02 1.658135807468660460e+03 5.088876152164839405e-322 5.088876152164839405e-322
1.000000000000000000e+01 8.800000000000000000e+01 2.495309999999999917e+00 2.113118074686608452e+02 1.556697807468660358e+03 2.683066817045957651e-301 2.683066817045957651e-301
1.000000000000000000e+01 6.200000000000000000e+01 4.339999999999999858e+00 2.194618074686604814e+02 1.677003807468660852e+03 0.000000000000000000e+00 0.000000000000000000e+00
1.000000000000000000e+01 8.900000000000000000e+01 4.136499999999999844e+00 1.835378074686605032e+02 1.549415807468660205e+03 9.524676335968245183e-306 9.524676335968245183e-306
1.000000000000000000e+01 9.000000000000000000e+01 3.861060000000000159e+00 2.204758074686606051e+02 1.575245807468661042e+03 2.459924506299264554e-303 2.459924506299264554e-303
1.000000000000000000e+01 9.100000000000000000e+01 4.448059999999999903e+00 1.971378074686608670e+02 1.537691807468660954e+03 3.005293945469805518e-300 3.005293945469805518e-300
1.000000000000000000e+01 9.200000000000000000e+01 4.704060000000000130e+00 2.144138074686607069e+02 1.536363807468660525e+03 3.293777261531617317e-296 3.293777261531617317e-296
1.000000000000000000e+01 9.300000000000000000e+01 3.508129999999999971e+00 2.366338074686609616e+02 1.594371807468660336e+03 5.577361159052662825e-304 5.577361159052662825e-304
1.000000000000000000e+01 9.400000000000000000e+01 4.235629999999999562e+00 2.159078074686603941e+02 1.578741807468660227e+03 4.363615020514780686e-305 4.363615020514780686e-305
1.000000000000000000e+01 9.500000000000000000e+01 1.038000000000000034e-02 2.025018074686604450e+02 1.523551807468660627e+03 5.165671015549534937e-296 5.165671015549534937e-296
1.000000000000000000e+01 9.600000000000000000e+01 4.490809999999999746e+00 2.273798074686601467e+02 1.673683807468660234e+03 3.458459520888725809e-323 3.458459520888725809e-323
1.000000000000000000e+01 9.700000000000000000e+01 5.033129999999999882e+00 2.351598074686608015e+02 1.815699807468660765e+03 0.000000000000000000e+00 0.000000000000000000e+00
1.000000000000000000e+01 9.800000000000000000e+01 4.356880000000000308e+00 2.544018074686609907e+02 1.520219807468660292e+03 5.088656740634943478e-284 5.088656740634943478e-284
1.000000000000000000e+01 6.300000000000000000e+01 3.200309999999999988e+00 2.416698074686610198e+02 1.693035807468661005e+03 4.940656458412465442e-324 4.940656458412465442e-324
1.000000000000000000e+01 9.900000000000000000e+01 8.329499999999999460e+00 2.006438074686602704e+02 1.504931807468660736e+03 2.253973453502354443e-292 2.253973453502354443e-292
1.000000000000000000e+01 6.400000000000000000e+01 3.033249999999999780e+00 2.038498074686604014e+02 1.608851807468660809e+03 3.042156636789576462e-314 3.042156636789576462e-314
1.000000000000000000e+01 6.500000000000000000e+01 4.062500000000000000e+00 2.278578074686602122e+02 1.639865807468660932e+03 9.158998774511380677e-316 9.158998774511380677e-316
1.000000000000000000e+01 6.600000000000000000e+01 3.235749999999999904e+00 2.163078074686609398e+02 1.550329807468660874e+03 7.875764733408717415e-299 7.875764733408717415e-299
1.000000000000000000e+01 1.000000000000000000e+00 2.476379999999999804e+00 2.025158074686605687e+02 1.607977807468661013e+03 2.417095672137606267e-314 2.417095672137606267e-314
1.000000000000000000e+01 2.000000000000000000e+00 3.179559999999999942e+00 2.089418074686609543e+02 1.690769807468660474e+03 0.000000000000000000e+00 0.000000000000000000e+00
1.000000000000000000e+01 3.000000000000000000e+00 3.007439999999999891e+00 2.087498074686609471e+02 1.647361807468661027e+03 1.531603502107864287e-321 1.531603502107864287e-321
1.000000000000000000e+01 4.000000000000000000e+00 7.753499999999999837e+00 2.355458074686603140e+02 1.489519807468660474e+03 1.898869321541633684e-281 1.898869321541633684e-281
1.000000000000000000e+01 5.000000000000000000e+00 4.343130000000000379e+00 2.231558074686608961e+02 1.610881807468660554e+03 1.716395258967515108e-310 1.716395258967515108e-310
1.000000000000000000e+01 6.000000000000000000e+00 4.288310000000000066e+00 1.995938074686609980e+02 1.636517807468660976e+03 3.557272650056975118e-321 3.557272650056975118e-321
1.000000000000000000e+01 7.000000000000000000e+00 4.084439999999999849e+00 2.328798074686601467e+02 1.613071807468660154e+03 7.423430032830484976e-309 7.423430032830484976e-309
1.000000000000000000e+01 8.000000000000000000e+00 2.848559999999999981e+00 2.111718074686605178e+02 1.533667807468660612e+03 2.506870117807549144e-296 2.506870117807549144e-296
1.000000000000000000e+01 9.000000000000000000e+00 6.493129999999999846e+00 2.079498074686607652e+02 1.498455807468660169e+03 2.216522129331817723e-289 2.216522129331817723e-289
1.000000000000000000e+01 1.000000000000000000e+01 5.144250000000000433e+00 1.971298074686601467e+02 1.609173807468660925e+03 8.995611710090761702e-316 8.995611710090761702e-316
1.000000000000000000e+01 6.700000000000000000e+01 4.003499999999999837e+00 2.010758074686609689e+02 1.536521807468660882e+03 3.864337622672525460e-299 3.864337622672525460e-299
1.000000000000000000e+01 1.100000000000000000e+01 2.308129999999999793e+00 1.893958074686606778e+02 1.529159807468660802e+03 4.461010821725637915e-300 4.461010821725637915e-300
1.000000000000000000e+01 1.200000000000000000e+01 3.696880000000000166e+00 2.336418074686607724e+02 1.668771807468660882e+03 8.730139962014826436e-321 8.730139962014826436e-321
1.000000000000000000e+01 1.300000000000000000e+01 7.360600000000000476e-01 2.383418074686605905e+02 1.532319807468660656e+03 3.906041480378790935e-290 3.906041480378790935e-290
1.000000000000000000e+01 1.400000000000000000e+01 7.996299999999999519e-01 2.313558074686607142e+02 1.545909807468660802e+03 1.329582288399168557e-294 1.329582288399168557e-294
1.000000000000000000e+01 1.500000000000000000e+01 3.606129999999999836e+00 2.525618074686608452e+02 1.598061807468660845e+03 2.534409003095108772e-301 2.534409003095108772e-301
1.000000000000000000e+01 1.600000000000000000e+01 3.807189999999999852e+00 2.068638074686605250e+02 1.580965807468660387e+03 1.559664966221727358e-307 1.559664966221727358e-307
1.000000000000000000e+01 1.700000000000000000e+01 3.885629999999999917e+00 2.294838074686604159e+02 1.572273807468660380e+03 9.825297871338914243e-301 9.825297871338914243e-301
1.000000000000000000e+01 1.800000000000000000e+01 4.342500000000000249e+00 2.186618074686602995e+02 1.681421807468660518e+03 0.000000000000000000e+00 0.000000000000000000e+00
1.000000000000000000e+01 1.900000000000000000e+01 3.009749999999999925e+00 2.257538074686608525e+02 1.597285807468661005e+03 5.637670977395491373e-307 5.637670977395491373e-307
1.000000000000000000e+01 2.000000000000000000e+01 5.083999999999999631e+00 1.983178074686602486e+02 1.599757807468660758e+03 1.805760063427113918e-313 1.805760063427113918e-313
1.000000000000000000e+01 6.800000000000000000e+01 3.214690000000000047e+00 1.911958074686608597e+02 1.637389807468660365e+03 3.458459520888725809e-323 3.458459520888725809e-323
1.000000000000000000e+01 2.100000000000000000e+01 3.210500000000000131e+00 2.182458074686610416e+02 1.633461807468660481e+03 1.841788042912738613e-316 1.841788042912738613e-316
1.000000000000000000e+01 2.200000000000000000e+01 2.880879999999999885e+00 2.330798074686608743e+02 1.663653807468660489e+03 8.517197668657249175e-320 8.517197668657249175e-320
1.000000000000000000e+01 2.300000000000000000e+01 3.797000000000000153e+00 2.217518074686604450e+02 1.575695807468660860e+03 3.717794666768569255e-303 3.717794666768569255e-303
1.000000000000000000e+01 2.400000000000000000e+01 1.718380000000000019e+00 2.358318074686603723e+02 1.467129807468660147e+03 1.594137998186864573e-276 1.594137998186864573e-276
1.000000000000000000e+01 2.500000000000000000e+01 4.322379999999999889e+00 2.234838074686604159e+02 1.590541807468660409e+03 5.279787971291522282e-306 5.279787971291522282e-306
1.000000000000000000e+01 2.600000000000000000e+01 2.237999999999999989e+00 2.477138074686608888e+02 1.693989807468660729e+03 3.458459520888725809e-323 3.458459520888725809e-323
1.000000000000000000e+01 2.700000000000000000e+01 5.140000000000000124e-01 2.422878074686605032e+02 1.530141807468660772e+03 8.347310231969495870e-289 8.347310231969495870e-289
1.000000000000000000e+01 2.800000000000000000e+01 2.665000000000000036e+00 2.098698074686608379e+02 1.515033807468660598e+03 1.454547183421480001e-292 1.454547183421480001e-292
1.000000000000000000e+01 2.900000000000000000e+01 3.288749999999999840e+00 2.227498074686609471e+02 1.604867807468660430e+03 2.833864191380569479e-309 2.833864191380569479e-309
1.000000000000000000e+01 3.000000000000000000e+01 4.282309999999999839e+00 2.364358074686606415e+02 1.628893807468660270e+03 1.610929602022484542e-311 1.610929602022484542e-311
