1.600000000000000000e+01 3.000000000000000000e+01 2.588379999999999903e+00 2.380918074686605905e+02 2.819318074686607360e+02 1.481493542471598308e-11 1.481493542471598308e-11
1.600000000000000000e+01 3.100000000000000000e+01 1.335560000000000080e+00 2.045358074686610053e+02 2.704478074686603577e+02 2.386854031915034677e-16 2.386854031915034677e-16
1.600000000000000000e+01 4.000000000000000000e+01 1.711750000000000105e+00 1.932138074686608888e+02 2.564578074686605760e+02 9.060970143830662177e-16 9.060970143830662177e-16
1.600000000000000000e+01 2.000000000000000000e+00 2.323249999999999815e+00 2.109638074686608888e+02 2.702498074686609471e+02 6.556068447222675098e-15 6.556068447222675098e-15
1.600000000000000000e+01 3.000000000000000000e+00 1.350060000000000038e+00 2.119418074686609543e+02 2.484438074686604523e+02 5.809332268273431715e-10 5.809332268273431715e-10
1.600000000000000000e+01 4.000000000000000000e+00 1.443750000000000089e+00 2.385958074686604959e+02 2.721178074686604305e+02 2.577656217595381083e-09 2.577656217595381083e-09
1.600000000000000000e+01 5.000000000000000000e+00 2.261750000000000149e+00 2.239018074686609907e+02 2.698458074686604959e+02 5.173946907143740594e-12 5.173946907143740594e-12
1.600000000000000000e+01 6.000000000000000000e+00 3.400129999999999875e+00 2.077718074686608816e+02 2.547018074686602631e+02 3.160201597494027576e-12 3.160201597494027576e-12
1.600000000000000000e+01 7.000000000000000000e+00 1.703629999999999978e+00 2.347678074686609762e+02 2.746698074686610198e+02 1.061269291161167361e-10 1.061269291161167361e-10
1.600000000000000000e+01 8.000000000000000000e+00 2.242379999999999818e+00 2.137398074686607288e+02 2.629898074686607288e+02 9.906795296172047502e-13 9.906795296172047502e-13
1.600000000000000000e+01 9.000000000000000000e+00 1.153250000000000108e+00 2.136798074686603286e+02 2.452958074686603140e+02 6.685095814805388052e-09 6.685095814805388052e-09
1.600000000000000000e+01 1.000000000000000000e+01 2.077939999999999898e+00 2.013678074686604305e+02 2.542698074686604741e+02 1.595553846635225969e-13 1.595553846635225969e-13
1.600000000000000000e+01 1.100000000000000000e+01 1.889999999999999902e+00 1.968478074686609034e+02 2.310058074686603504e+02 1.875509851497075544e-09 1.875509851497075544e-09
1.600000000000000000e+01 4.100000000000000000e+01 9.070000000000000284e-01 2.501518074686609907e+02 2.850118074686606633e+02 1.320328465649960492e-09 1.320328465649960492e-09
1.600000000000000000e+01 1.200000000000000000e+01 2.335630000000000095e+00 2.381358074686604596e+02 2.892878074686605032e+02 3.827534702887411189e-13 3.827534702887411189e-13
1.600000000000000000e+01 1.300000000000000000e+01 1.454129999999999923e+00 2.427578074686607579e+02 2.820118074686606633e+02 1.467361127552688453e-10 1.467361127552688453e-10
1.600000000000000000e+01 1.400000000000000000e+01 6.457500000000000462e-01 2.400578074686609398e+02 2.756218074686603359e+02 9.285607643712677119e-10 9.285607643712677119e-10
1.600000000000000000e+01 1.500000000000000000e+01 1.345939999999999914e+00 2.562038074686606706e+02 2.975178074686609762e+02 5.238581362047974450e-11 5.238581362047974450e-11
1.600000000000000000e+01 1.600000000000000000e+01 8.721299999999999608e-01 2.114938074686606342e+02 2.579498074686607652e+02 4.005369445121566640e-12 4.005369445121566640e-12
1.600000000000000000e+01 1.700000000000000000e+01 2.068060000000000009e+00 2.326718074686605178e+02 2.521818074686607360e+02 2.843754722214051645e-06 2.843754722214051645e-06
1.600000000000000000e+01 1.800000000000000000e+01 1.290129999999999999e+00 2.299598074686609834e+02 2.749458074686608597e+02 8.353125851131945372e-12 8.353125851131945372e-12
1.600000000000000000e+01 1.900000000000000000e+01 3.354999999999999982e+00 2.251958074686608597e+02 2.733138074686603431e+02 1.744792822490136814e-12 1.744792822490136814e-12
1.600000000000000000e+01 2.000000000000000000e+01 1.125559999999999894e+00 1.988238074686605614e+02 2.373578074686602122e+02 2.103211865903963398e-10 2.103211865903963398e-10
1.600000000000000000e+01 2.100000000000000000e+01 8.322500000000000453e-01 2.232138074686608888e+02 2.798138074686603431e+02 2.511313713933576629e-14 2.511313713933576629e-14
1.600000000000000000e+01 4.200000000000000000e+01 1.298440000000000039e+00 2.167938074686608161e+02 2.772638074686601612e+02 3.626946469214102197e-15 3.626946469214102197e-15
1.600000000000000000e+01 2.200000000000000000e+01 3.991299999999999848e-01 2.364138074686607069e+02 2.789458074686608597e+02 2.849235547190631885e-11 2.849235547190631885e-11
1.600000000000000000e+01 2.300000000000000000e+01 1.255880000000000107e+00 2.237838074686605978e+02 2.648838074686609616e+02 5.830196642699982725e-11 5.830196642699982725e-11
1.600000000000000000e+01 2.400000000000000000e+01 1.770380000000000065e+00 2.390618074686608452e+02 2.731358074686604596e+02 1.955958868968800322e-09 1.955958868968800322e-09
1.600000000000000000e+01 2.500000000000000000e+01 1.336379999999999901e+00 2.276698074686610198e+02 2.771038074686603068e+02 9.036039005130824397e-13 9.036039005130824397e-13
1.600000000000000000e+01 2.600000000000000000e+01 2.571250000000000036e+00 2.561578074686603941e+02 3.172698074686604741e+02 2.631071298863541478e-15 2.631071298863541478e-15
1.600000000000000000e+01 2.700000000000000000e+01 2.083190000000000097e+00 2.448678074686604305e+02 2.862038074686606706e+02 5.181272742334789416e-11 5.181272742334789416e-11
1.600000000000000000e+01 2.800000000000000000e+01 2.162500000000000089e+00 2.099798074686605105e+02 2.462938074686608161e+02 6.381898580580322557e-10 6.381898580580322557e-10
1.600000000000000000e+01 2.900000000000000000e+01 9.561899999999999844e-01 2.279158074686602049e+02 2.649298074686603286e+02 4.497247919528124991e-10 4.497247919528124991e-10
1.600000000000000000e+01 4.400000000000000000e+01 2.569999999999999840e+00 2.262398074686607288e+02 2.686998074686607652e+02 2.953676688025106953e-11 2.953676688025106953e-11
1.600000000000000000e+01 4.400000000000000000e+01 2.569999999999999840e+00 2.262398074686607288e+02 2.686998074686607652e+02 2.953676688025106953e-11 2.953676688025106953e-11
1.600000000000000000e+01 4.500000000000000000e+01 4.474400000000000044e-01 2.442638074686601612e+02 2.801558074686608961e+02 7.881085405905724130e-10 7.881085405905724130e-10
1.600000000000000000e+01 4.600000000000000000e+01 3.121690000000000076e+00 2.116438074686602704e+02 2.642358074686608234e+02 1.863061151395052823e-13 1.863061151395052823e-13
1.600000000000000000e+01 4.700000000000000000e+01 1.290129999999999999e+00 2.304718074686606997e+02 2.510458074686603140e+02 1.670503811183544724e-06 1.670503811183544724e-06
1.600000000000000000e+01 4.800000000000000000e+01 1.898630000000000040e+00 2.319058074686608961e+02 2.732318074686609179e+02 5.207243980034557458e-11 5.207243980034557458e-11
1.600000000000000000e+01 4.900000000000000000e+01 1.819250000000000034e+00 1.962038074686606706e+02 2.301398074686603650e+02 2.095685155817934650e-09 2.095685155817934650e-09
1.600000000000000000e+01 3.200000000000000000e+01 4.829399999999999804e-01 2.437478074686605396e+02 2.660678074686602486e+02 6.977637254639487795e-07 6.977637254639487795e-07
1.600000000000000000e+01 5.000000000000000000e+01 2.248559999999999892e+00 2.011578074686603941e+02 2.532158074686603868e+02 2.433233217709979074e-13 2.433233217709979074e-13
1.600000000000000000e+01 5.100000000000000000e+01 4.918999999999999762e-02 2.152498074686609471e+02 2.590478074686607215e+02 1.512933874930876612e-11 1.512933874930876612e-11
1.600000000000000000e+01 5.200000000000000000e+01 2.851379999999999804e+00 1.964798074686605105e+02 2.614998074686609471e+02 3.728388840952838894e-16 3.728388840952838894e-16
1.600000000000000000e+01 5.300000000000000000e+01 1.380439999999999889e+00 2.359598074686609834e+02 2.724458074686608597e+02 5.855993321773830159e-10 5.855993321773830159e-10
1.600000000000000000e+01 5.400000000000000000e+01 5.952499999999999458e-01 2.430338074686605978e+02 2.763998074686605833e+02 2.786762543104117820e-09 2.786762543104117820e-09
1.600000000000000000e+01 5.500000000000000000e+01 1.520129999999999981e+00 2.854778074686610125e+02 3.240898074686601831e+02 2.022765503518675725e-10 2.022765503518675725e-10
1.600000000000000000e+01 5.600000000000000000e+01 1.838000000000000050e-02 2.228678074686604305e+02 2.684778074686610125e+02 6.114333825992828827e-12 6.114333825992828827e-12
1.600000000000000000e+01 5.700000000000000000e+01 2.143689999999999873e+00 2.221298074686601467e+02 2.596658074686602049e+02 3.464144263191239069e-10 3.464144263191239069e-10
1.600000000000000000e+01 5.800000000000000000e+01 2.673560000000000159e+00 2.052898074686609107e+02 2.708918074686607724e+02 2.787029112360746734e-16 2.787029112360746734e-16
1.600000000000000000e+01 5.900000000000000000e+01 1.503749999999999920e+00 2.050338074686605978e+02 2.470018074686604450e+02 3.777455856695840346e-11 3.777455856695840346e-11
1.600000000000000000e+01 3.300000000000000000e+01 2.383630000000000138e+00 2.195778074686604668e+02 2.538078074686609398e+02 1.809192373577699505e-09 1.809192373577699505e-09
1.600000000000000000e+01 6.000000000000000000e+01 1.586060000000000025e+00 2.315258074686607870e+02 2.676918074686609543e+02 6.872071823556031742e-10 6.872071823556031742e-10
1.600000000000000000e+01 6.100000000000000000e+01 3.158939999999999859e+00 2.308418074686605905e+02 2.743438074686609980e+02 1.754266339326202688e-11 1.754266339326202688e-11
1.600000000000000000e+01 6.200000000000000000e+01 1.549250000000000016e+00 2.221018074686608088e+02 2.855598074686604377e+02 8.141514296430748201e-16 8.141514296430748201e-16
1.600000000000000000e+01 6.300000000000000000e+01 2.313000000000000167e+00 2.433598074686606196e+02 3.046558074686608961e+02 2.399813680513490042e-15 2.399813680513490042e-15
1.600000000000000000e+01 6.400000000000000000e+01 1.934809999999999919e+00 2.087178074686607943e+02 2.578298074686608743e+02 1.061449919693881983e-12 1.061449919693881983e-12
1.600000000000000000e+01 6.500000000000000000e+01 1.772000000000000020e+00 2.290318074686601904e+02 2.862918074686604086e+02 1.805443031039233380e-14 1.805443031039233380e-14
1.600000000000000000e+01 6.600000000000000000e+01 1.169130000000000003e+00 2.212278074686610125e+02 2.635598074686604377e+02 3.148892265503586527e-11 3.148892265503586527e-11
1.600000000000000000e+01 6.700000000000000000e+01 1.585939999999999905e+00 2.039958074686610416e+02 2.347658074686605687e+02 1.020502803312458830e-08 1.020502803312458830e-08
1.600000000000000000e+01 6.800000000000000000e+01 2.409310000000000063e+00 1.896818074686607360e+02 2.369398074686605469e+02 2.682195893405564774e-12 2.682195893405564774e-12
1.600000000000000000e+01 6.900000000000000000e+01 1.001130000000000075e+00 2.131678074686606124e+02 2.456338074686609616e+02 4.370513654416964520e-09 4.370513654416964520e-09
1.600000000000000000e+01 3.400000000000000000e+01 2.220060000000000144e+00 2.131498074686605833e+02 2.799838074686604159e+02 1.505275885785195787e-16 1.505275885785195787e-16
1.600000000000000000e+01 7.000000000000000000e+01 1.081809999999999938e+00 2.268878074686608670e+02 2.557938074686608161e+02 2.591651844618986970e-08 2.591651844618986970e-08
1.600000000000000000e+01 7.100000000000000000e+01 5.072499999999999787e-01 2.210458074686603140e+02 2.664578074686605760e+02 6.750629921532683682e-12 6.750629921532683682e-12
1.600000000000000000e+01 7.200000000000000000e+01 1.787439999999999918e+00 2.336178074686604305e+02 2.708318074686603723e+02 4.069278195773789679e-10 4.069278195773789679e-10
1.600000000000000000e+01 7.300000000000000000e+01 1.999500000000000055e+00 1.855178074686609762e+02 2.420698074686606560e+02 2.572314322367810374e-14 2.572314322367810374e-14
1.600000000000000000e+01 7.400000000000000000e+01 1.099189999999999889e+00 2.659358074686606415e+02 3.096638074686607069e+02 1.566824138988771892e-11 1.566824138988771892e-11
1.600000000000000000e+01 7.500000000000000000e+01 1.429130000000000011e+00 2.109398074686605469e+02 2.361418074686607724e+02 1.651543586005055955e-07 1.651543586005055955e-07
1.600000000000000000e+01 7.600000000000000000e+01 2.208130000000000148e+00 2.282898074686609107e+02 2.663138074686603431e+02 2.714114193513820022e-10 2.714114193513820022e-10
1.600000000000000000e+01 7.700000000000000000e+01 9.658099999999999463e-01 2.114758074686606051e+02 2.586778074686608306e+02 2.758358681550579399e-12 2.758358681550579399e-12
1.600000000000000000e+01 7.800000000000000000e+01 2.129309999999999814e+00 2.131458074686606778e+02 2.476758074686604232e+02 1.557186306826275472e-09 1.557186306826275472e-09
1.600000000000000000e+01 7.900000000000000000e+01 2.070380000000000109e+00 2.327818074686601904e+02 2.845878074686606851e+02 2.759973050121664158e-13 2.759973050121664158e-13
1.600000000000000000e+01 3.500000000000000000e+01 1.842500000000000027e+00 2.136758074686604232e+02 2.324618074686604814e+02 4.084197523238902485e-06 4.084197523238902485e-06
1.600000000000000000e+01 8.000000000000000000e+01 1.905690000000000106e+00 2.352338074686604159e+02 2.640158074686605687e+02 2.757419973319269838e-08 2.757419973319269838e-08
1.600000000000000000e+01 8.100000000000000000e+01 3.454999999999999738e-01 2.336958074686608597e+02 2.682758074686607870e+02 1.518739239922320912e-09 1.518739239922320912e-09
1.600000000000000000e+01 8.200000000000000000e+01 1.514629999999999921e+00 1.883018074686606269e+02 2.327438074686606342e+02 1.096420441251086179e-11 1.096420441251086179e-11
1.600000000000000000e+01 8.300000000000000000e+01 2.647190000000000154e+00 1.901658074686602049e+02 2.219638074686608888e+02 6.103610877973745785e-09 6.103610877973745785e-09
1.600000000000000000e+01 8.400000000000000000e+01 1.660560000000000036e+00 2.155398074686609107e+02 2.675658074686607506e+02 2.472478070798272244e-13 2.472478070798272244e-13
1.600000000000000000e+01 8.500000000000000000e+01 1.912879999999999914e+00 2.269618074686604814e+02 2.654818074686609179e+02 2.117985998099488964e-10 2.117985998099488964e-10
1.600000000000000000e+01 8.700000000000000000e+01 1.838379999999999903e+00 2.245078074686607579e+02 2.611338074686609616e+02 5.460091982631530612e-10 5.460091982631530612e-10
1.600000000000000000e+01 8.700000000000000000e+01 1.838379999999999903e+00 2.245078074686607579e+02 2.611338074686609616e+02 5.460091982631530612e-10 5.460091982631530612e-10
1.600000000000000000e+01 8.800000000000000000e+01 2.185000000000000053e+00 2.123158074686607506e+02 2.482878074686605032e+02 7.572063627055439315e-10 7.572063627055439315e-10
1.600000000000000000e+01 8.900000000000000000e+01 3.073189999999999866e+00 1.887398074686607288e+02 2.261078074686602122e+02 3.767703392969961520e-10 3.767703392969961520e-10
1.600000000000000000e+01 3.700000000000000000e+01 1.230499999999999927e+00 2.152718074686608816e+02 2.593698074686608379e+02 1.302194253956557783e-11 1.302194253956557783e-11
1.600000000000000000e+01 9.000000000000000000e+01 1.768099999999999949e-01 2.216398074686603650e+02 2.529978074686605396e+02 7.605567487605034211e-09 7.605567487605034211e-09
1.600000000000000000e+01 9.100000000000000000e+01 1.152190000000000047e+00 1.999938074686606342e+02 2.426138074686605250e+02 2.726587232657314016e-11 2.726587232657314016e-11
1.600000000000000000e+01 9.200000000000000000e+01 1.284499999999999975e+00 2.121318074686605542e+02 2.373458074686604959e+02 1.641663992907313873e-07 1.641663992907313873e-07
1.600000000000000000e+01 9.300000000000000000e+01 7.006900000000000350e-01 2.367598074686602558e+02 2.710678074686602486e+02 1.739992048270968703e-09 1.739992048270968703e-09
1.600000000000000000e+01 9.400000000000000000e+01 1.843310000000000004e+00 2.226018074686608088e+02 2.719718074686606997e+02 9.329868451414606097e-13 9.329868451414606097e-13
1.600000000000000000e+01 9.500000000000000000e+01 1.828999999999999959e+00 2.042978074686607215e+02 2.524758074686606051e+02 1.693226401552709480e-12 1.693226401552709480e-12
1.600000000000000000e+01 9.600000000000000000e+01 2.399999999999999911e-01 2.315018074686604450e+02 2.651158074686609325e+02 2.461769851904707668e-09 2.461769851904707668e-09
1.600000000000000000e+01 9.700000000000000000e+01 1.720630000000000104e+00 2.386378074686608670e+02 3.013738074686607433e+02 1.168114722873777582e-15 1.168114722873777582e-15
1.600000000000000000e+01 9.800000000000000000e+01 8.773800000000000487e-01 2.601438074686602704e+02 2.885238074686603795e+02 3.371289965700630992e-08 3.371289965700630992e-08
1.600000000000000000e+01 9.900000000000000000e+01 9.859999999999999876e-01 1.982138074686608888e+02 2.272358074686608234e+02 2.445612126949206829e-08 2.445612126949206829e-08
1.600000000000000000e+01 3.700000000000000000e+01 1.230499999999999927e+00 2.152718074686608816e+02 2.593698074686608379e+02 1.302194253956557783e-11 1.302194253956557783e-11
1.600000000000000000e+01 3.800000000000000000e+01 2.545440000000000147e+00 2.114778074686610125e+02 2.773038074686610344e+02 2.491727373392244423e-16 2.491727373392244423e-16
1.600000000000000000e+01 3.900000000000000000e+01 1.292939999999999978e+00 2.467938074686608161e+02 2.914138074686607069e+02 1.003055387455162017e-11 1.003055387455162017e-11
1.600000000000000000e+01 1.000000000000000000e+00 1.757500000000000062e+00 2.099718074686606997e+02 2.420938074686609980e+02 5.190762187109861967e-09 5.190762187109861967e-09
