8.000000000000000000e+00 1.000000000000000000e+00 1.121250000000000080e+00 2.093238074686605614e+02 3.425138074686601612e+02 1.410207622062867554e-29 1.410207622062867554e-29
8.000000000000000000e+00 2.000000000000000000e+00 1.486380000000000035e+00 2.109358074686606415e+02 3.191598074686608015e+02 3.720326667483788523e-24 3.720326667483788523e-24
8.000000000000000000e+00 1.100000000000000000e+01 9.722499999999999476e-01 1.938518074686608088e+02 2.848478074686609034e+02 2.049244331254086773e-20 2.049244331254086773e-20
8.000000000000000000e+00 1.200000000000000000e+01 1.357939999999999925e+00 2.364058074686608961e+02 3.373678074686604305e+02 1.404443715396263357e-22 1.404443715396263357e-22
8.000000000000000000e+00 1.300000000000000000e+01 7.836300000000000487e-01 2.412978074686607215e+02 3.277778074686602849e+02 1.959885421860903331e-19 1.959885421860903331e-19
8.000000000000000000e+00 1.400000000000000000e+01 1.220190000000000108e+00 2.434278074686608306e+02 3.327618074686606633e+02 4.704272349242672972e-20 4.704272349242672972e-20
8.000000000000000000e+00 1.500000000000000000e+01 1.661440000000000028e+00 2.531898074686605469e+02 3.392738074686603795e+02 2.389026625447385496e-19 2.389026625447385496e-19
8.000000000000000000e+00 1.600000000000000000e+01 2.081249999999999822e+00 2.079278074686608306e+02 3.324978074686605396e+02 1.049765448937560215e-27 1.049765448937560215e-27
8.000000000000000000e+00 1.700000000000000000e+01 1.635129999999999972e+00 2.244158074686602049e+02 3.240278074686602849e+02 2.758373769931119318e-22 2.758373769931119318e-22
8.000000000000000000e+00 1.800000000000000000e+01 1.301299999999999957e-01 2.199958074686610416e+02 3.722498074686609471e+02 1.022322822524732413e-33 1.022322822524732413e-33
8.000000000000000000e+00 1.900000000000000000e+01 1.007190000000000030e+00 2.279898074686607288e+02 3.404958074686610416e+02 4.372769543867489772e-25 4.372769543867489772e-25
8.000000000000000000e+00 2.000000000000000000e+01 8.685000000000000497e-01 2.012418074686602267e+02 2.877978074686607215e+02 1.886807058288621006e-19 1.886807058288621006e-19
8.000000000000000000e+00 3.000000000000000000e+00 1.043129999999999891e+00 2.110258074686607870e+02 3.215458074686603140e+02 1.180350559017109286e-24 1.180350559017109286e-24
8.000000000000000000e+00 2.100000000000000000e+01 1.239999999999999991e+00 2.193898074686603650e+02 3.062338074686604159e+02 1.633763114724109703e-19 1.633763114724109703e-19
8.000000000000000000e+00 2.200000000000000000e+01 8.242500000000000382e-01 2.356018074686608088e+02 3.306058074686607142e+02 2.762279374685669010e-21 2.762279374685669010e-21
8.000000000000000000e+00 2.300000000000000000e+01 8.673800000000000399e-01 2.220198074686604741e+02 3.148518074686608088e+02 8.182978460260356102e-21 8.182978460260356102e-21
8.000000000000000000e+00 2.400000000000000000e+01 1.212309999999999999e+00 2.306638074686607069e+02 2.538758074686602413e+02 1.073253523764886448e-05 1.073253523764886448e-05
8.000000000000000000e+00 2.500000000000000000e+01 1.669249999999999901e+00 2.257038074686606706e+02 3.336038074686603068e+02 4.374584213021584070e-24 4.374584213021584070e-24
8.000000000000000000e+00 2.600000000000000000e+01 1.931750000000000078e+00 2.488658074686609325e+02 3.689838074686604159e+02 9.723705375022956078e-27 9.723705375022956078e-27
8.000000000000000000e+00 2.700000000000000000e+01 1.464879999999999960e+00 2.416298074686601467e+02 3.174678074686607943e+02 4.009697601231947848e-17 4.009697601231947848e-17
8.000000000000000000e+00 2.800000000000000000e+01 1.191559999999999953e+00 2.076658074686602049e+02 2.818018074686606269e+02 9.390662338470603664e-17 9.390662338470603664e-17
8.000000000000000000e+00 2.900000000000000000e+01 1.417249999999999899e+00 2.264218074686605178e+02 3.166178074686604305e+02 3.057113304866493458e-20 3.057113304866493458e-20
8.000000000000000000e+00 3.000000000000000000e+01 7.498099999999999765e-01 2.384618074686604814e+02 3.264178074686606124e+02 9.369606562362009752e-20 9.369606562362009752e-20
8.000000000000000000e+00 4.000000000000000000e+00 1.369310000000000027e+00 2.370458074686603140e+02 2.978758074686602413e+02 7.278760220535617079e-14 7.278760220535617079e-14
8.000000000000000000e+00 3.100000000000000000e+01 6.725600000000000467e-01 1.957618074686606633e+02 3.326798074686603286e+02 2.186543608784697502e-30 2.186543608784697502e-30
8.000000000000000000e+00 3.200000000000000000e+01 8.428099999999999481e-01 2.406138074686605250e+02 3.149618074686604814e+02 8.446193168980722893e-17 8.446193168980722893e-17
8.000000000000000000e+00 3.300000000000000000e+01 1.328000000000000069e+00 2.186118074686610271e+02 2.872478074686605396e+02 1.468946741094721144e-15 1.468946741094721144e-15
8.000000000000000000e+00 3.400000000000000000e+01 1.729999999999999982e+00 2.081738074686609252e+02 3.336218074686603359e+02 6.767636080495956155e-28 6.767636080495956155e-28
8.000000000000000000e+00 3.500000000000000000e+01 9.449400000000000022e-01 2.124118074686602995e+02 2.795878074686606851e+02 3.048182896150425474e-15 3.048182896150425474e-15
8.000000000000000000e+00 3.600000000000000000e+01 3.019190000000000040e+00 2.372938074686608161e+02 3.481918074686609543e+02 9.770782659236503548e-25 9.770782659236503548e-25
8.000000000000000000e+00 3.700000000000000000e+01 9.802499999999999547e-01 2.121018074686608088e+02 2.961438074686602704e+02 6.631864678514424327e-19 6.631864678514424327e-19
8.000000000000000000e+00 3.800000000000000000e+01 1.620249999999999968e+00 2.129618074686604814e+02 3.349258074686604232e+02 3.863473917059112588e-27 3.863473917059112588e-27
8.000000000000000000e+00 3.900000000000000000e+01 8.758099999999999774e-01 2.458998074686605833e+02 3.492838074686605978e+02 4.183827030792894401e-23 4.183827030792894401e-23
8.000000000000000000e+00 4.000000000000000000e+01 1.581690000000000040e+00 1.861278074686606487e+02 2.940378074686605032e+02 4.352765883235300314e-24 4.352765883235300314e-24
8.000000000000000000e+00 5.000000000000000000e+00 4.661899999999999933e-01 2.228198074686606560e+02 3.157278074686610125e+02 7.877859258726501034e-21 7.877859258726501034e-21
8.000000000000000000e+00 4.100000000000000000e+01 9.131899999999999462e-01 2.506578074686603941e+02 3.416118074686610271e+02 2.092733500269310426e-20 2.092733500269310426e-20
8.000000000000000000e+00 4.200000000000000000e+01 1.221689999999999943e+00 2.206058074686607142e+02 3.347698074686604741e+02 1.908650735580734908e-25 1.908650735580734908e-25
8.000000000000000000e+00 4.300000000000000000e+01 1.284939999999999971e+00 2.236818074686607360e+02 3.229598074686609834e+02 3.259719967930532908e-22 3.259719967930532908e-22
8.000000000000000000e+00 4.400000000000000000e+01 1.403499999999999970e+00 2.231878074686601394e+02 3.323398074686601831e+02 2.339205819225978160e-24 2.339205819225978160e-24
8.000000000000000000e+00 4.500000000000000000e+01 1.666060000000000096e+00 2.437058074686601685e+02 2.957498074686609471e+02 5.887258046372427478e-12 5.887258046372427478e-12
8.000000000000000000e+00 4.600000000000000000e+01 1.726439999999999975e+00 2.164218074686605178e+02 3.141938074686604523e+02 6.921560792741017555e-22 6.921560792741017555e-22
8.000000000000000000e+00 4.700000000000000000e+01 1.096940000000000026e+00 2.329558074686601685e+02 3.092678074686609762e+02 3.163616474956861279e-17 3.163616474956861279e-17
8.000000000000000000e+00 4.800000000000000000e+01 1.188129999999999908e+00 2.275038074686608525e+02 3.511618074686602995e+02 1.656267798985388954e-27 1.656267798985388954e-27
8.000000000000000000e+00 4.900000000000000000e+01 1.350749999999999895e+00 1.983178074686602486e+02 3.252358074686608234e+02 3.245118444951377766e-28 3.245118444951377766e-28
8.000000000000000000e+00 5.000000000000000000e+01 1.652249999999999996e+00 2.011778074686608306e+02 2.953098074686604377e+02 4.271889346506834777e-21 4.271889346506834777e-21
8.000000000000000000e+00 6.000000000000000000e+00 1.108630000000000004e+00 2.012878074686605032e+02 3.029018074686609907e+02 1.013734759228412055e-22 1.013734759228412055e-22
8.000000000000000000e+00 5.100000000000000000e+01 1.962059999999999915e+00 2.144798074686605105e+02 3.062438074686606342e+02 1.395804715986672492e-20 1.395804715986672492e-20
8.000000000000000000e+00 5.200000000000000000e+01 1.141939999999999955e+00 1.935018074686604450e+02 2.739758074686606051e+02 3.948362438036719564e-18 3.948362438036719564e-18
8.000000000000000000e+00 5.300000000000000000e+01 2.515000000000000013e-01 2.384178074686606124e+02 3.037598074686602558e+02 7.625864105035571789e-15 7.625864105035571789e-15
8.000000000000000000e+00 5.400000000000000000e+01 2.898100000000000120e-01 2.449178074686606124e+02 3.491658074686602049e+02 2.716179738820099202e-23 2.716179738820099202e-23
8.000000000000000000e+00 5.500000000000000000e+01 5.227500000000000480e-01 2.861958074686608597e+02 3.765498074686602195e+02 2.824894747249684937e-20 2.824894747249684937e-20
8.000000000000000000e+00 5.600000000000000000e+01 7.810000000000000275e-01 2.245558074686605323e+02 3.561078074686602122e+02 3.198675901008367888e-29 3.198675901008367888e-29
8.000000000000000000e+00 5.700000000000000000e+01 7.416300000000000114e-01 2.153178074686602486e+02 3.165558074686605323e+02 1.223409083111834948e-22 1.223409083111834948e-22
8.000000000000000000e+00 5.800000000000000000e+01 6.058799999999999741e-01 2.053178074686602486e+02 3.036838074686602340e+02 5.143024303245243747e-22 5.143024303245243747e-22
8.000000000000000000e+00 5.900000000000000000e+01 8.851299999999999724e-01 2.063778074686606487e+02 2.830498074686602195e+02 2.642474601863035231e-17 2.642474601863035231e-17
8.000000000000000000e+00 6.000000000000000000e+01 2.781899999999999928e-01 2.303298074686608743e+02 3.076598074686608015e+02 1.901638394161902530e-17 1.901638394161902530e-17
8.000000000000000000e+00 7.000000000000000000e+00 8.927500000000000435e-01 2.358878074686608670e+02 3.203918074686607724e+02 5.263972728740857742e-19 5.263972728740857742e-19
8.000000000000000000e+00 6.100000000000000000e+01 1.617750000000000021e+00 2.387718074686608816e+02 3.340378074686605032e+02 2.423120565308389556e-21 2.423120565308389556e-21
8.000000000000000000e+00 6.200000000000000000e+01 1.836440000000000072e+00 2.203278074686604668e+02 3.123718074686603359e+02 1.213454324851659357e-20 1.213454324851659357e-20
8.000000000000000000e+00 6.300000000000000000e+01 1.621690000000000076e+00 2.397078074686605760e+02 3.380778074686604668e+02 5.132748533833664633e-22 5.132748533833664633e-22
8.000000000000000000e+00 6.400000000000000000e+01 1.855750000000000011e+00 2.038818074686605542e+02 3.346578074686603941e+02 4.714943548370664041e-29 4.714943548370664041e-29
8.000000000000000000e+00 6.500000000000000000e+01 1.322629999999999972e+00 2.286958074686608597e+02 3.150718074686601540e+02 2.064495761494126060e-19 2.064495761494126060e-19
8.000000000000000000e+00 6.600000000000000000e+01 1.305190000000000072e+00 2.201118074686610271e+02 3.041438074686602704e+02 6.665107038552929673e-19 6.665107038552929673e-19
8.000000000000000000e+00 6.700000000000000000e+01 9.869999999999999885e-01 2.024838074686604159e+02 2.795658074686607506e+02 2.152684843092220262e-17 2.152684843092220262e-17
8.000000000000000000e+00 6.800000000000000000e+01 1.922749999999999959e+00 1.910198074686604741e+02 2.875958074686604959e+02 1.258670744340632176e-21 1.258670744340632176e-21
8.000000000000000000e+00 6.900000000000000000e+01 1.643310000000000048e+00 2.121898074686605469e+02 3.210318074686601904e+02 2.731392297483195983e-24 2.731392297483195983e-24
8.000000000000000000e+00 7.000000000000000000e+01 1.689249999999999918e+00 2.248218074686601540e+02 2.983638074686605250e+02 1.263809704706510980e-16 1.263809704706510980e-16
8.000000000000000000e+00 8.000000000000000000e+00 7.891299999999999981e-01 2.129638074686608888e+02 3.123518074686608088e+02 3.085276536134161261e-22 3.085276536134161261e-22
8.000000000000000000e+00 7.100000000000000000e+01 8.906899999999999817e-01 2.219538074686606706e+02 3.111678074686606124e+02 4.995168305328393501e-20 4.995168305328393501e-20
8.000000000000000000e+00 7.200000000000000000e+01 1.681380000000000097e+00 2.285038074686608525e+02 2.981898074686605469e+02 8.689633246636542794e-16 8.689633246636542794e-16
8.000000000000000000e+00 7.300000000000000000e+01 1.433689999999999909e+00 1.871278074686606487e+02 2.689078074686603941e+02 2.055051524339774886e-18 2.055051524339774886e-18
8.000000000000000000e+00 7.400000000000000000e+01 1.961299999999999988e-01 2.575978074686609034e+02 3.573978074686601758e+02 2.510900094586391130e-22 2.510900094586391130e-22
8.000000000000000000e+00 7.500000000000000000e+01 1.088249999999999940e+00 2.180918074686605905e+02 2.973038074686610344e+02 7.420904279490505079e-18 7.420904279490505079e-18
8.000000000000000000e+00 7.600000000000000000e+01 1.811379999999999990e+00 2.262658074686605687e+02 3.087378074686603213e+02 1.453974615117636482e-18 1.453974615117636482e-18
8.000000000000000000e+00 7.700000000000000000e+01 1.102249999999999952e+00 2.115478074686607215e+02 3.072138074686608888e+02 1.983883325233141804e-21 1.983883325233141804e-21
8.000000000000000000e+00 7.800000000000000000e+01 7.700000000000000178e-01 2.144218074686605178e+02 3.002078074686605760e+02 2.772878674657798307e-19 2.772878674657798307e-19
8.000000000000000000e+00 7.900000000000000000e+01 1.108379999999999921e+00 2.340958074686604959e+02 3.308358074686602777e+02 1.159578061992624541e-21 1.159578061992624541e-21
8.000000000000000000e+00 8.000000000000000000e+01 1.446560000000000068e+00 2.354258074686604232e+02 3.185878074686606851e+02 1.029734415851558691e-18 1.029734415851558691e-18
8.000000000000000000e+00 9.000000000000000000e+00 7.777500000000000524e-01 2.136498074686605833e+02 3.027598074686602558e+02 5.261789122605230563e-20 5.261789122605230563e-20
8.000000000000000000e+00 8.100000000000000000e+01 1.623439999999999994e+00 2.355358074686610053e+02 3.163738074686607433e+02 3.291360220795244373e-18 3.291360220795244373e-18
8.000000000000000000e+00 8.200000000000000000e+01 9.018100000000000005e-01 1.863818074686605542e+02 2.823858074686604596e+02 1.675407131438699197e-21 1.675407131438699197e-21
8.000000000000000000e+00 8.300000000000000000e+01 3.893800000000000039e-01 1.908038074686610344e+02 2.728938074686602704e+02 1.759977315955867003e-18 1.759977315955867003e-18
8.000000000000000000e+00 8.400000000000000000e+01 1.353809999999999958e+00 2.114798074686605105e+02 3.070458074686603140e+02 2.085599198400336569e-21 2.085599198400336569e-21
8.000000000000000000e+00 8.500000000000000000e+01 2.263560000000000016e+00 2.271038074686603068e+02 3.315338074686605978e+02 2.479920207527626614e-23 2.479920207527626614e-23
8.000000000000000000e+00 8.600000000000000000e+01 1.381750000000000034e+00 2.322458074686610416e+02 3.218898074686603650e+02 4.028810238908945410e-20 4.028810238908945410e-20
8.000000000000000000e+00 8.700000000000000000e+01 1.267130000000000090e+00 2.184238074686609252e+02 3.236018074686608088e+02 1.706127845957485916e-23 1.706127845957485916e-23
8.000000000000000000e+00 8.800000000000000000e+01 1.603799999999999948e-01 2.114758074686606051e+02 3.066038074686603068e+02 2.596219112803314761e-21 2.596219112803314761e-21
8.000000000000000000e+00 8.900000000000000000e+01 7.135000000000000231e-01 1.888998074686605833e+02 2.839758074686606051e+02 2.664605986679006084e-21 2.664605986679006084e-21
8.000000000000000000e+00 9.000000000000000000e+01 1.575809999999999933e+00 2.252298074686605105e+02 3.070278074686602849e+02 2.036639041079453083e-18 2.036639041079453083e-18
8.000000000000000000e+00 1.000000000000000000e+01 2.128309999999999924e+00 1.971918074686609543e+02 2.817578074686607579e+02 5.103292977852875283e-19 5.103292977852875283e-19
8.000000000000000000e+00 9.100000000000000000e+01 1.496059999999999945e+00 2.003058074686605323e+02 2.996398074686603650e+02 3.169713775846041066e-22 3.169713775846041066e-22
8.000000000000000000e+00 9.200000000000000000e+01 2.032189999999999941e+00 2.190618074686608452e+02 3.090218074686608816e+02 3.439998744083563169e-20 3.439998744083563169e-20
8.000000000000000000e+00 9.300000000000000000e+01 1.017130000000000090e+00 2.419418074686609543e+02 3.417558074686603504e+02 2.493385167687504133e-22 2.493385167687504133e-22
8.000000000000000000e+00 9.400000000000000000e+01 1.255130000000000079e+00 2.184798074686605105e+02 3.181078074686602122e+02 2.736394812821607705e-22 2.736394812821607705e-22
8.000000000000000000e+00 9.500000000000000000e+01 6.781300000000000106e-01 2.063478074686609034e+02 2.997618074686606633e+02 6.116904691930712319e-21 6.116904691930712319e-21
8.000000000000000000e+00 9.600000000000000000e+01 1.651810000000000000e+00 2.289098074686608015e+02 3.508218074686601540e+02 3.965241484438022909e-27 3.965241484438022909e-27
8.000000000000000000e+00 9.700000000000000000e+01 7.876300000000000523e-01 2.344338074686602340e+02 3.639758074686606051e+02 8.738485957374765398e-29 8.738485957374765398e-29
8.000000000000000000e+00 9.800000000000000000e+01 1.124060000000000059e+00 2.516578074686603941e+02 3.018938074686602704e+02 1.453835547703309572e-11 1.453835547703309572e-11
8.000000000000000000e+00 9.900000000000000000e+01 2.104439999999999866e+00 2.043598074686606196e+02 2.941618074686602995e+02 3.722781508764350169e-20 3.722781508764350169e-20
