1.200000000000000000e+01 8.900000000000000000e+01 2.329130000000000145e+00 1.852758074686607870e+02 9.138858074686604596e+02 1.556477982464949233e-164 1.556477982464949233e-164
1.200000000000000000e+01 9.000000000000000000e+01 1.837129999999999930e+00 2.267038074686606706e+02 9.418058074686605323e+02 1.334651603024422202e-161 1.334651603024422202e-161
1.200000000000000000e+01 9.100000000000000000e+01 2.117249999999999854e+00 2.008218074686601540e+02 9.166798074686603286e+02 9.145439861547881175e-162 9.145439861547881175e-162
1.200000000000000000e+01 9.200000000000000000e+01 1.937249999999999917e+00 2.199478074686603577e+02 9.286518074686609907e+02 3.270965473878528194e-160 3.270965473878528194e-160
1.200000000000000000e+01 9.300000000000000000e+01 9.311300000000000132e-01 2.459558074686601685e+02 9.681298074686601467e+02 3.887788442824454770e-163 3.887788442824454770e-163
1.200000000000000000e+01 9.400000000000000000e+01 1.678250000000000020e+00 2.172098074686609834e+02 9.469998074686609471e+02 8.627982137687134589e-165 8.627982137687134589e-165
1.200000000000000000e+01 9.500000000000000000e+01 9.203099999999999614e-01 2.062238074686601976e+02 9.066658074686602049e+02 2.035853227211282884e-158 2.035853227211282884e-158
1.200000000000000000e+01 9.600000000000000000e+01 2.366439999999999877e+00 2.323738074686607433e+02 1.010425807468660423e+03 2.857255612779110120e-175 2.857255612779110120e-175
1.200000000000000000e+01 9.700000000000000000e+01 1.772499999999999909e-01 2.341578074686603941e+02 1.128363807468660525e+03 1.711703225400599989e-200 1.711703225400599989e-200
1.200000000000000000e+01 9.800000000000000000e+01 3.243879999999999875e+00 2.591858074686606415e+02 9.150758074686609689e+02 9.618123375606296233e-149 9.618123375606296233e-149
1.200000000000000000e+01 9.900000000000000000e+01 2.459000000000000075e+00 2.134398074686605469e+02 9.077898074686609107e+02 4.281613456181315215e-157 4.281613456181315215e-157
1.200000000000000000e+01 1.000000000000000000e+00 1.036440000000000028e+00 2.062218074686606997e+02 9.694818074686609179e+02 4.655765337838580899e-172 4.655765337838580899e-172
1.200000000000000000e+01 2.000000000000000000e+00 1.688129999999999908e+00 2.144878074686603213e+02 1.025629807468660147e+03 1.864433473056572963e-182 1.864433473056572963e-182
1.200000000000000000e+01 3.000000000000000000e+00 1.401250000000000107e+00 2.151618074686602995e+02 9.900378074686605032e+02 1.398326962467483497e-174 1.398326962467483497e-174
1.200000000000000000e+01 4.000000000000000000e+00 3.662999999999999812e+00 2.423258074686609689e+02 8.855138074686601612e+02 5.511814566509320019e-146 5.511814566509320019e-146
1.200000000000000000e+01 5.000000000000000000e+00 2.487629999999999786e+00 2.271418074686607724e+02 9.650658074686607506e+02 1.477860969187804935e-166 1.477860969187804935e-166
1.200000000000000000e+01 6.000000000000000000e+00 3.318309999999999871e+00 1.999398074686605469e+02 9.716478074686601758e+02 6.816025257904626074e-174 6.816025257904626074e-174
1.200000000000000000e+01 7.000000000000000000e+00 2.291630000000000056e+00 2.407238074686601976e+02 9.758318074686603723e+02 6.041158216401918112e-166 6.041158216401918112e-166
1.200000000000000000e+01 8.000000000000000000e+00 2.448440000000000172e+00 2.112838074686605978e+02 9.045918074686605905e+02 7.208997612936448291e-157 7.208997612936448291e-157
1.200000000000000000e+01 9.000000000000000000e+00 1.876309999999999922e+00 2.112998074686602195e+02 8.962178074686607943e+02 4.783438925500052122e-155 4.783438925500052122e-155
1.200000000000000000e+01 1.000000000000000000e+01 2.273499999999999854e+00 2.006298074686601467e+02 9.549798074686605105e+02 4.006572442125743634e-170 4.006572442125743634e-170
1.200000000000000000e+01 1.100000000000000000e+01 1.619250000000000078e+00 1.944398074686605469e+02 9.124238074686609252e+02 3.158999549683865430e-162 3.158999549683865430e-162
1.200000000000000000e+01 1.200000000000000000e+01 2.208190000000000097e+00 2.388378074686606851e+02 1.007069807468660656e+03 3.875564781326025231e-173 3.875564781326025231e-173
1.200000000000000000e+01 1.300000000000000000e+01 1.491000000000000103e+00 2.384878074686603213e+02 9.173618074686610271e+02 9.821507612893120675e-154 9.821507612893120675e-154
1.200000000000000000e+01 1.400000000000000000e+01 1.867499999999999938e+00 2.388518074686608088e+02 9.338618074686610271e+02 3.078153531030468058e-157 3.078153531030468058e-157
1.200000000000000000e+01 1.500000000000000000e+01 6.841300000000000159e-01 2.535678074686602486e+02 9.684778074686610125e+02 1.469129849302563761e-161 1.469129849302563761e-161
1.200000000000000000e+01 1.600000000000000000e+01 1.402130000000000098e+00 2.053758074686602413e+02 9.356438074686602704e+02 6.793801540060344866e-165 6.793801540060344866e-165
1.200000000000000000e+01 1.700000000000000000e+01 2.042879999999999807e+00 2.292418074686602267e+02 9.437198074686602922e+02 1.823340551030947059e-161 1.823340551030947059e-161
1.200000000000000000e+01 1.800000000000000000e+01 1.711060000000000025e+00 2.222258074686606051e+02 1.016141807468660772e+03 1.025947798885051945e-178 1.025947798885051945e-178
1.200000000000000000e+01 1.900000000000000000e+01 1.325309999999999988e+00 2.259278074686608306e+02 9.654118074686602995e+02 6.774603521492260220e-167 6.774603521492260220e-167
1.200000000000000000e+01 2.000000000000000000e+01 2.841880000000000184e+00 1.997798074686606924e+02 9.597038074686606706e+02 2.468279171695717783e-171 2.468279171695717783e-171
1.200000000000000000e+01 2.100000000000000000e+01 2.487810000000000077e+00 2.273118074686608452e+02 9.833018074686606269e+02 1.764621329584097055e-170 1.764621329584097055e-170
1.200000000000000000e+01 2.200000000000000000e+01 1.823250000000000037e+00 2.311938074686604523e+02 9.981118074686610271e+02 7.475951500435727878e-173 7.475951500435727878e-173
1.200000000000000000e+01 2.300000000000000000e+01 2.385250000000000092e+00 2.221418074686607724e+02 9.559798074686605105e+02 1.139979931440828301e-165 1.139979931440828301e-165
1.200000000000000000e+01 2.400000000000000000e+01 3.254630000000000134e+00 2.353318074686603723e+02 8.670738074686605614e+02 1.685628704116276880e-143 1.685628704116276880e-143
1.200000000000000000e+01 2.500000000000000000e+01 2.155809999999999782e+00 2.236958074686608597e+02 9.541898074686605469e+02 6.067888330203137849e-165 6.067888330203137849e-165
1.200000000000000000e+01 2.600000000000000000e+01 8.701900000000000190e-01 2.485038074686608525e+02 1.056693807468660452e+03 8.157658988497141671e-182 8.157658988497141671e-182
1.200000000000000000e+01 2.700000000000000000e+01 1.365189999999999904e+00 2.476118074686610271e+02 9.135638074686603431e+02 6.282822714555818538e-151 6.282822714555818538e-151
1.200000000000000000e+01 2.800000000000000000e+01 1.231880000000000086e+00 2.140318074686601904e+02 8.912858074686610053e+02 2.207784540422500694e-153 2.207784540422500694e-153
1.200000000000000000e+01 2.900000000000000000e+01 1.185380000000000100e+00 2.287118074686604814e+02 9.913278074686604668e+02 6.424419710113651922e-172 6.424419710113651922e-172
1.200000000000000000e+01 3.000000000000000000e+01 3.153249999999999886e+00 2.420398074686609107e+02 9.885738074686605614e+02 1.995243179170477966e-168 1.995243179170477966e-168
1.200000000000000000e+01 3.100000000000000000e+01 3.120499999999999829e+00 1.969838074686604159e+02 1.024875807468660241e+03 4.298635346828395585e-186 4.298635346828395585e-186
1.200000000000000000e+01 3.200000000000000000e+01 8.531900000000000039e-01 2.388798074686601467e+02 8.836598074686608015e+02 2.486544240679463476e-146 2.486544240679463476e-146
1.200000000000000000e+01 3.300000000000000000e+01 1.172250000000000014e+00 2.199018074686609907e+02 9.155998074686604014e+02 2.182192083126127270e-157 2.182192083126127270e-157
1.200000000000000000e+01 3.400000000000000000e+01 1.808499999999999996e+00 2.130338074686605978e+02 1.045263807468660161e+03 4.912989932952788219e-187 4.912989932952788219e-187
1.200000000000000000e+01 3.500000000000000000e+01 8.473800000000000221e-01 2.175098074686602558e+02 8.099978074686605396e+02 5.631961981733559443e-135 5.631961981733559443e-135
1.200000000000000000e+01 3.600000000000000000e+01 2.205560000000000187e+00 2.464298074686603286e+02 1.074487807468660321e+03 3.956253972934161270e-186 3.956253972934161270e-186
1.200000000000000000e+01 3.700000000000000000e+01 1.723309999999999897e+00 2.160458074686603140e+02 9.453378074686606851e+02 1.106747534858455751e-164 1.106747534858455751e-164
1.200000000000000000e+01 3.800000000000000000e+01 1.843059999999999921e+00 2.111678074686606124e+02 1.012599807468660401e+03 2.393572579948683984e-180 2.393572579948683984e-180
1.200000000000000000e+01 3.900000000000000000e+01 7.226900000000000546e-01 2.526518074686609907e+02 1.049699807468660765e+03 2.142989807224822339e-179 2.142989807224822339e-179
1.200000000000000000e+01 4.000000000000000000e+01 1.410439999999999916e+00 1.884338074686602340e+02 1.015423807468660925e+03 6.748347169527197623e-186 6.748347169527197623e-186
1.200000000000000000e+01 4.100000000000000000e+01 1.588940000000000019e+00 2.555618074686608452e+02 9.717798074686606924e+02 7.638913486605423500e-162 7.638913486605423500e-162
1.200000000000000000e+01 4.200000000000000000e+01 2.149500000000000188e+00 2.220898074686601831e+02 9.781578074686603941e+02 1.697125815101945596e-170 1.697125815101945596e-170
1.200000000000000000e+01 4.300000000000000000e+01 2.309130000000000127e+00 2.288878074686608670e+02 1.014145807468660678e+03 7.783699771437792988e-177 7.783699771437792988e-177
1.200000000000000000e+01 4.400000000000000000e+01 1.433249999999999913e+00 2.250118074686606633e+02 9.601758074686604232e+02 5.874351971636212277e-166 5.874351971636212277e-166
1.200000000000000000e+01 4.500000000000000000e+01 3.216000000000000192e+00 2.502678074686609762e+02 8.820898074686601831e+02 1.619534257247730368e-143 1.619534257247730368e-143
1.200000000000000000e+01 4.600000000000000000e+01 2.056690000000000129e+00 2.157758074686607870e+02 1.038823807468660561e+03 4.843862880130927179e-185 4.843862880130927179e-185
1.200000000000000000e+01 4.700000000000000000e+01 2.012999999999999859e-02 2.380158074686605687e+02 8.849318074686607360e+02 8.546133721481613718e-147 8.546133721481613718e-147
1.200000000000000000e+01 4.800000000000000000e+01 2.344190000000000218e+00 2.289438074686604523e+02 1.035369807468660838e+03 1.970667161656406958e-181 1.970667161656406958e-181
1.200000000000000000e+01 4.900000000000000000e+01 4.115249999999999631e+00 2.004798074686605105e+02 1.015215807468660387e+03 3.091147348375344507e-183 3.091147348375344507e-183
1.200000000000000000e+01 5.000000000000000000e+01 1.230129999999999946e+00 2.045898074686601831e+02 9.168538074686603068e+02 5.516095572945590441e-161 5.516095572945590441e-161
1.200000000000000000e+01 5.100000000000000000e+01 2.662879999999999914e+00 2.270318074686601904e+02 9.703858074686604596e+02 9.784171601605208742e-168 9.784171601605208742e-168
1.200000000000000000e+01 5.200000000000000000e+01 2.116750000000000131e+00 1.962118074686604814e+02 8.625318074686601904e+02 5.226905165333440358e-151 5.226905165333440358e-151
1.200000000000000000e+01 5.300000000000000000e+01 2.227189999999999781e+00 2.416758074686604232e+02 9.135378074686605032e+02 3.272009916101949124e-152 3.272009916101949124e-152
1.200000000000000000e+01 5.400000000000000000e+01 1.370999999999999996e+00 2.443958074686606778e+02 9.232998074686602195e+02 9.675284414369019102e-154 9.675284414369019102e-154
1.200000000000000000e+01 5.500000000000000000e+01 3.148309999999999942e+00 2.873398074686601831e+02 1.009527807468660285e+03 3.860668952677784984e-163 3.860668952677784984e-163
1.200000000000000000e+01 5.600000000000000000e+01 2.274189999999999934e+00 2.189398074686605469e+02 9.717698074686604741e+02 8.567158578697213397e-170 8.567158578697213397e-170
1.200000000000000000e+01 5.700000000000000000e+01 1.706380000000000008e+00 2.174398074686605469e+02 9.458738074686607433e+02 1.699655469049692477e-164 1.699655469049692477e-164
1.200000000000000000e+01 5.800000000000000000e+01 2.274880000000000013e+00 2.063838074686609616e+02 9.995858074686602777e+02 1.466116205204994673e-178 1.466116205204994673e-178
1.200000000000000000e+01 5.900000000000000000e+01 4.139000000000000234e+00 2.060158074686605687e+02 8.599438074686604523e+02 2.565270875045758201e-148 2.565270875045758201e-148
1.200000000000000000e+01 6.000000000000000000e+01 1.727000000000000091e+00 2.314438074686604523e+02 9.350278074686602849e+02 4.231261181555836216e-159 4.231261181555836216e-159
1.200000000000000000e+01 6.100000000000000000e+01 1.707629999999999981e+00 2.341398074686603650e+02 9.298998074686605833e+02 2.115581920349814665e-157 2.115581920349814665e-157
1.200000000000000000e+01 6.200000000000000000e+01 2.645059999999999967e+00 2.207578074686607579e+02 1.023309807468660438e+03 1.367230352646755001e-180 1.367230352646755001e-180
1.200000000000000000e+01 6.300000000000000000e+01 2.313130000000000130e+00 2.444978074686605396e+02 1.043939807468660547e+03 6.473954019605557062e-180 6.473954019605557062e-180
1.200000000000000000e+01 6.400000000000000000e+01 8.974999999999999645e-01 2.057438074686606342e+02 9.690098074686602558e+02 4.641818971835230012e-172 4.641818971835230012e-172
1.200000000000000000e+01 6.500000000000000000e+01 2.557249999999999801e+00 2.310418074686604086e+02 9.972778074686602849e+02 1.051382862116985464e-172 1.051382862116985464e-172
1.200000000000000000e+01 6.600000000000000000e+01 2.901559999999999917e+00 2.203978074686601758e+02 9.434938074686606342e+02 2.451844190623865550e-163 2.451844190623865550e-163
1.200000000000000000e+01 6.700000000000000000e+01 2.181059999999999999e+00 2.025498074686602195e+02 9.129038074686604887e+02 1.433451529798526671e-160 1.433451529798526671e-160
1.200000000000000000e+01 6.800000000000000000e+01 2.259129999999999860e+00 1.945498074686602195e+02 9.883518074686608088e+02 1.086125598451905088e-178 1.086125598451905088e-178
1.200000000000000000e+01 6.900000000000000000e+01 3.119810000000000194e+00 2.132078074686605760e+02 9.722598074686602558e+02 3.817215446924705391e-171 3.817215446924705391e-171
1.200000000000000000e+01 7.000000000000000000e+01 2.928310000000000191e+00 2.256798074686603286e+02 9.041958074686608597e+02 1.174672684402398892e-153 1.174672684402398892e-153
1.200000000000000000e+01 7.100000000000000000e+01 3.460690000000000044e+00 2.288338074686607797e+02 9.693298074686608743e+02 4.084424529104685902e-167 4.084424529104685902e-167
1.200000000000000000e+01 7.200000000000000000e+01 2.012560000000000127e+00 2.322118074686604814e+02 8.956678074686606124e+02 2.188539143188051409e-150 2.188539143188051409e-150
1.200000000000000000e+01 7.300000000000000000e+01 9.208800000000000319e-01 1.906878074686601394e+02 9.294718074686606997e+02 9.613620011930024156e-167 9.613620011930024156e-167
1.200000000000000000e+01 7.400000000000000000e+01 2.182310000000000194e+00 2.615358074686610053e+02 1.015913807468660707e+03 3.950871246092761195e-170 3.950871246092761195e-170
1.200000000000000000e+01 7.500000000000000000e+01 1.614630000000000010e+00 2.168218074686601540e+02 8.458398074686601831e+02 6.580683480656321895e-143 6.580683480656321895e-143
1.200000000000000000e+01 7.600000000000000000e+01 2.272190000000000154e+00 2.263558074686607142e+02 9.800338074686605978e+02 5.606553173999932316e-170 5.606553173999932316e-170
1.200000000000000000e+01 7.700000000000000000e+01 2.251879999999999882e+00 2.142538074686608525e+02 9.633738074686607433e+02 5.475869250025181375e-169 5.475869250025181375e-169
1.200000000000000000e+01 7.800000000000000000e+01 1.256629999999999914e+00 2.123618074686610271e+02 8.879878074686603213e+02 4.982787843448029449e-153 4.982787843448029449e-153
1.200000000000000000e+01 7.900000000000000000e+01 1.708939999999999904e+00 2.296458074686606778e+02 9.253318074686603723e+02 2.195324593758963505e-157 2.195324593758963505e-157
1.200000000000000000e+01 8.000000000000000000e+01 1.889999999999999902e+00 2.327098074686609834e+02 9.452378074686603213e+02 4.833980683349963647e-161 4.833980683349963647e-161
1.200000000000000000e+01 8.100000000000000000e+01 2.806750000000000078e+00 2.411118074686610271e+02 9.981638074686607069e+02 1.037626738468859912e-170 1.037626738468859912e-170
1.200000000000000000e+01 8.200000000000000000e+01 2.111060000000000159e+00 1.897678074686609762e+02 9.665858074686602777e+02 5.295522161138074769e-175 5.295522161138074769e-175
1.200000000000000000e+01 8.300000000000000000e+01 1.727749999999999897e+00 1.942398074686607288e+02 8.966218074686603359e+02 7.717574265040166345e-159 7.717574265040166345e-159
1.200000000000000000e+01 8.400000000000000000e+01 2.336190000000000211e+00 2.152118074686604814e+02 9.829458074686608597e+02 4.971349846890892124e-173 4.971349846890892124e-173
1.200000000000000000e+01 8.500000000000000000e+01 2.670999999999999819e+00 2.296658074686602049e+02 9.872378074686603213e+02 8.000637421684221849e-171 8.000637421684221849e-171
1.200000000000000000e+01 8.600000000000000000e+01 2.804940000000000211e+00 2.398758074686602413e+02 1.025861807468661027e+03 5.408824433691891118e-177 5.408824433691891118e-177
1.200000000000000000e+01 8.700000000000000000e+01 2.292499999999999982e+00 2.267118074686604814e+02 1.008835807468660278e+03 3.730143412047262555e-176 3.730143412047262555e-176
1.200000000000000000e+01 8.800000000000000000e+01 1.506310000000000038e+00 2.166138074686605250e+02 9.043238074686605614e+02 1.184309291540570606e-155 1.184309291540570606e-155
