2.300000000000000000e+01 1.000000000000000000e+00 1.275000000000000022e-01 2.180718074686601540e+02 7.864578074686605760e+02 2.619381834302831482e-130 2.619381834302831482e-130
2.300000000000000000e+01 2.000000000000000000e+00 6.171900000000000164e-01 2.345118074686606633e+02 8.927338074686604159e+02 8.138779325117035479e-150 8.138779325117035479e-150
2.300000000000000000e+01 1.100000000000000000e+01 1.446439999999999948e+00 2.065898074686601831e+02 8.169638074686608888e+02 1.998114899389830951e-139 1.998114899389830951e-139
2.300000000000000000e+01 1.200000000000000000e+01 2.470600000000000018e-01 2.574438074686604523e+02 8.693758074686602413e+02 9.168642871670463040e-140 9.168642871670463040e-140
2.300000000000000000e+01 1.300000000000000000e+01 1.459880000000000067e+00 2.535778074686604668e+02 8.782358074686608234e+02 1.580844921830101150e-142 1.580844921830101150e-142
2.300000000000000000e+01 1.400000000000000000e+01 6.483799999999999564e-01 2.578798074686601467e+02 8.262278074686610125e+02 2.669625896242657887e-130 2.669625896242657887e-130
2.300000000000000000e+01 1.500000000000000000e+01 2.069939999999999891e+00 2.651998074686607652e+02 9.250298074686606924e+02 3.642390543145202863e-150 3.642390543145202863e-150
2.300000000000000000e+01 1.600000000000000000e+01 8.255000000000000115e-01 2.272438074686606342e+02 8.600098074686602558e+02 2.743212422826592204e-144 2.743212422826592204e-144
2.300000000000000000e+01 1.700000000000000000e+01 3.552500000000000102e-01 2.335738074686605614e+02 8.029258074686604232e+02 1.615974772384777203e-130 1.615974772384777203e-130
2.300000000000000000e+01 1.800000000000000000e+01 9.056000000000000161e-02 2.277098074686609834e+02 8.959098074686608015e+02 5.544521896864499036e-152 5.544521896864499036e-152
2.300000000000000000e+01 1.900000000000000000e+01 1.542380000000000084e+00 2.451678074686606124e+02 9.272138074686608888e+02 5.460638223518628266e-155 5.460638223518628266e-155
2.300000000000000000e+01 2.000000000000000000e+01 8.521300000000000541e-01 2.224078074686603941e+02 9.009818074686609179e+02 3.098693529881551790e-154 3.098693529881551790e-154
2.300000000000000000e+01 3.000000000000000000e+00 6.613799999999999679e-01 2.287778074686602849e+02 9.352698074686604741e+02 2.684491000952934859e-160 2.684491000952934859e-160
2.300000000000000000e+01 2.100000000000000000e+01 2.976189999999999891e+00 2.475818074686603723e+02 8.997918074686604086e+02 1.644555315455259463e-148 1.644555315455259463e-148
2.300000000000000000e+01 2.200000000000000000e+01 7.035000000000000142e-01 2.504578074686605760e+02 8.609918074686602267e+02 1.844492525586414350e-139 1.844492525586414350e-139
2.300000000000000000e+01 2.300000000000000000e+01 5.245600000000000263e-01 2.399118074686602995e+02 8.733138074686603431e+02 1.995969008061765385e-144 1.995969008061765385e-144
2.300000000000000000e+01 2.400000000000000000e+01 1.262880000000000003e+00 2.438118074686608452e+02 8.477198074686602922e+02 5.066342175285193151e-138 5.066342175285193151e-138
2.300000000000000000e+01 2.500000000000000000e+01 8.321899999999999853e-01 2.417598074686602558e+02 8.493378074686606851e+02 8.086566157523769984e-139 8.086566157523769984e-139
2.300000000000000000e+01 2.600000000000000000e+01 9.628100000000000547e-01 2.688718074686603359e+02 9.539078074686603941e+02 1.224540502562415011e-155 1.224540502562415011e-155
2.300000000000000000e+01 2.700000000000000000e+01 1.400000000000000133e-01 2.671978074686603577e+02 8.258038074686610344e+02 3.482561766755220800e-128 3.482561766755220800e-128
2.300000000000000000e+01 2.800000000000000000e+01 1.065749999999999975e+00 2.343538074686603068e+02 8.066718074686605178e+02 3.667548450884607821e-131 3.667548450884607821e-131
2.300000000000000000e+01 2.900000000000000000e+01 1.359439999999999982e+00 2.402598074686602558e+02 9.206898074686605469e+02 1.225048678411430337e-154 1.225048678411430337e-154
2.300000000000000000e+01 3.000000000000000000e+01 1.059809999999999919e+00 2.499738074686601976e+02 8.799678074686607943e+02 1.096962018632116652e-143 1.096962018632116652e-143
2.300000000000000000e+01 4.000000000000000000e+00 6.073800000000000310e-01 2.637298074686605105e+02 8.442538074686608525e+02 6.059901996834380656e-133 6.059901996834380656e-133
2.300000000000000000e+01 3.100000000000000000e+01 1.464560000000000084e+00 2.165658074686607506e+02 9.564078074686603941e+02 1.538159834996771148e-167 1.538159834996771148e-167
2.300000000000000000e+01 3.200000000000000000e+01 1.874440000000000106e+00 2.625878074686606851e+02 8.605238074686603795e+02 1.003454861115740146e-136 1.003454861115740146e-136
2.300000000000000000e+01 3.300000000000000000e+01 4.514400000000000079e-01 2.419778074686610125e+02 7.898898074686603650e+02 7.312593339503708546e-126 7.312593339503708546e-126
2.300000000000000000e+01 3.400000000000000000e+01 1.798099999999999976e-01 2.333258074686609689e+02 9.459418074686609543e+02 1.256181082531983701e-161 1.256181082531983701e-161
2.300000000000000000e+01 3.500000000000000000e+01 7.961899999999999533e-01 2.222098074686609834e+02 6.930638074686603431e+02 3.953698207465930053e-109 3.953698207465930053e-109
2.300000000000000000e+01 3.600000000000000000e+01 5.968099999999999516e-01 2.544838074686604159e+02 8.719198074686610198e+02 5.849606369782113080e-141 5.849606369782113080e-141
2.300000000000000000e+01 3.700000000000000000e+01 1.035809999999999897e+00 2.208438074686609980e+02 8.460898074686601831e+02 1.178166556858167834e-142 1.178166556858167834e-142
2.300000000000000000e+01 3.800000000000000000e+01 2.092630000000000212e+00 2.342018074686602631e+02 8.805758074686609689e+02 3.043124944531563975e-147 3.043124944531563975e-147
2.300000000000000000e+01 3.900000000000000000e+01 1.334500000000000020e+00 2.662598074686602558e+02 8.807338074686604159e+02 2.572271289303752324e-140 2.572271289303752324e-140
2.300000000000000000e+01 4.000000000000000000e+01 1.812629999999999963e+00 2.033998074686605833e+02 9.530198074686604741e+02 1.158072488953194512e-169 1.158072488953194512e-169
2.300000000000000000e+01 5.000000000000000000e+00 1.520499999999999963e+00 2.420058074686603504e+02 8.671438074686602704e+02 1.243536659537406822e-142 1.243536659537406822e-142
2.300000000000000000e+01 4.100000000000000000e+01 1.243440000000000101e+00 2.689298074686603286e+02 8.932918074686604086e+02 1.833010074012173226e-142 1.833010074012173226e-142
2.300000000000000000e+01 4.200000000000000000e+01 1.461379999999999901e+00 2.312098074686609834e+02 9.291498074686605833e+02 1.931546452241657974e-158 1.931546452241657974e-158
2.300000000000000000e+01 4.300000000000000000e+01 8.054999999999999938e-01 2.495638074686603431e+02 8.725678074686602486e+02 3.614521438744994035e-142 3.614521438744994035e-142
2.300000000000000000e+01 4.400000000000000000e+01 1.008499999999999952e+00 2.360558074686605323e+02 8.603458074686604959e+02 1.900200609901590725e-142 1.900200609901590725e-142
2.300000000000000000e+01 4.500000000000000000e+01 1.452749999999999986e+00 2.548898074686603650e+02 8.317638074686601612e+02 3.758832992223817940e-132 3.758832992223817940e-132
2.300000000000000000e+01 4.600000000000000000e+01 2.836299999999999932e-01 2.248938074686602704e+02 8.955978074686609034e+02 1.585358230455152474e-152 1.585358230455152474e-152
2.300000000000000000e+01 4.700000000000000000e+01 7.011300000000000310e-01 2.569598074686609834e+02 8.023818074686605542e+02 2.539615988215834983e-125 2.539615988215834983e-125
2.300000000000000000e+01 4.800000000000000000e+01 9.221899999999999542e-01 2.463418074686605905e+02 8.715638074686603431e+02 1.192389723864573427e-142 1.192389723864573427e-142
2.300000000000000000e+01 5.000000000000000000e+01 1.769130000000000091e+00 2.172258074686606051e+02 8.772718074686608816e+02 3.269510268503803749e-150 3.269510268503803749e-150
2.300000000000000000e+01 5.000000000000000000e+01 1.769130000000000091e+00 2.172258074686606051e+02 8.772718074686608816e+02 3.269510268503803749e-150 3.269510268503803749e-150
2.300000000000000000e+01 6.000000000000000000e+00 2.843100000000000072e-01 2.241118074686610271e+02 9.003858074686604596e+02 9.786271935378816035e-154 9.786271935378816035e-154
2.300000000000000000e+01 5.100000000000000000e+01 1.444250000000000034e+00 2.261498074686605833e+02 8.360438074686608161e+02 2.540101868094462568e-139 2.540101868094462568e-139
2.300000000000000000e+01 5.200000000000000000e+01 1.445380000000000109e+00 2.108678074686604305e+02 8.568978074686601758e+02 3.614252040322170900e-147 3.614252040322170900e-147
2.300000000000000000e+01 5.300000000000000000e+01 8.850599999999999579e-01 2.584058074686608961e+02 8.647878074686605032e+02 1.470524430751131767e-138 1.470524430751131767e-138
2.300000000000000000e+01 5.400000000000000000e+01 9.356900000000000217e-01 2.675178074686609762e+02 9.038698074686608379e+02 4.566352488861275444e-145 4.566352488861275444e-145
2.300000000000000000e+01 5.500000000000000000e+01 9.042499999999999982e-01 3.015438074686608161e+02 9.774158074686602049e+02 1.196493849199381383e-153 1.196493849199381383e-153
2.300000000000000000e+01 5.600000000000000000e+01 1.555630000000000068e+00 2.516778074686608306e+02 9.217278074686610125e+02 2.198577135855651425e-152 2.198577135855651425e-152
2.300000000000000000e+01 5.700000000000000000e+01 1.207000000000000073e+00 2.408978074686601758e+02 8.445598074686604377e+02 5.729447437216905217e-138 5.729447437216905217e-138
2.300000000000000000e+01 5.800000000000000000e+01 1.284939999999999971e+00 2.260678074686602486e+02 9.246838074686602340e+02 1.377569828095129391e-158 1.377569828095129391e-158
2.300000000000000000e+01 5.900000000000000000e+01 2.040249999999999897e+00 2.192338074686604159e+02 8.542858074686610053e+02 8.747034632079813181e-145 8.747034632079813181e-145
2.300000000000000000e+01 6.000000000000000000e+01 1.278750000000000053e+00 2.456518074686609907e+02 8.821018074686608088e+02 4.347994671445603303e-145 4.347994671445603303e-145
2.300000000000000000e+01 7.000000000000000000e+00 1.554130000000000011e+00 2.598658074686609325e+02 8.518458074686604959e+02 1.971636313165230252e-135 1.971636313165230252e-135
2.300000000000000000e+01 6.100000000000000000e+01 5.274999999999999828e-02 2.547938074686608161e+02 8.844598074686609834e+02 1.292456353465646587e-143 1.292456353465646587e-143
2.300000000000000000e+01 6.200000000000000000e+01 2.096300000000000108e-01 2.360398074686609107e+02 9.132518074686604450e+02 6.122561659041167871e-154 6.122561659041167871e-154
2.300000000000000000e+01 6.300000000000000000e+01 1.461880000000000068e+00 2.598738074686607433e+02 1.001329807468660874e+03 6.863186804316470975e-168 6.863186804316470975e-168
2.300000000000000000e+01 6.400000000000000000e+01 1.803190000000000071e+00 2.298778074686606487e+02 8.716198074686608379e+02 3.084223231182980319e-146 3.084223231182980319e-146
2.300000000000000000e+01 6.500000000000000000e+01 1.531899999999999928e-01 2.456738074686609252e+02 9.107858074686610053e+02 2.596658176851140034e-151 2.596658176851140034e-151
2.300000000000000000e+01 6.600000000000000000e+01 1.692059999999999897e+00 2.369178074686606124e+02 8.812318074686609179e+02 8.523993312849598839e-147 8.523993312849598839e-147
2.300000000000000000e+01 6.700000000000000000e+01 3.548379999999999868e+00 2.226258074686602413e+02 8.039218074686605178e+02 4.119342765959469178e-133 4.119342765959469178e-133
2.300000000000000000e+01 6.800000000000000000e+01 1.174439999999999928e+00 2.082698074686604741e+02 8.521878074686601394e+02 1.039042729355414883e-146 1.039042729355414883e-146
2.300000000000000000e+01 6.900000000000000000e+01 1.476690000000000058e+00 2.306138074686605250e+02 8.631658074686602049e+02 3.053015072676848890e-144 3.053015072676848890e-144
2.300000000000000000e+01 7.000000000000000000e+01 1.689750000000000085e+00 2.387918074686604086e+02 8.062958074686603140e+02 4.071202249487247849e-130 4.071202249487247849e-130
2.300000000000000000e+01 8.000000000000000000e+00 2.358999999999999986e+00 2.259118074686602995e+02 8.660638074686603431e+02 6.829830366427618828e-146 6.829830366427618828e-146
2.300000000000000000e+01 7.100000000000000000e+01 1.294750000000000068e+00 2.400598074686604377e+02 9.209398074686605469e+02 9.782212384813564458e-155 9.782212384813564458e-155
2.300000000000000000e+01 7.200000000000000000e+01 2.706899999999999862e-01 2.420138074686601612e+02 8.562558074686603504e+02 2.888650039894956706e-140 2.888650039894956706e-140
2.300000000000000000e+01 7.300000000000000000e+01 5.655999999999999917e-02 2.063918074686607724e+02 8.153638074686605250e+02 4.027735010299204344e-139 4.027735010299204344e-139
2.300000000000000000e+01 7.400000000000000000e+01 4.202500000000000124e-01 2.820098074686602558e+02 9.586578074686603941e+02 8.117161959361358174e-154 8.117161959361358174e-154
2.300000000000000000e+01 7.500000000000000000e+01 7.767500000000000515e-01 2.391758074686604232e+02 7.818878074686608670e+02 9.845484107952239062e-125 9.845484107952239062e-125
2.300000000000000000e+01 7.600000000000000000e+01 9.263000000000000400e-02 2.455358074686610053e+02 9.004278074686608306e+02 4.301892816447550573e-149 4.301892816447550573e-149
2.300000000000000000e+01 7.700000000000000000e+01 7.714400000000000146e-01 2.308418074686605905e+02 9.060098074686602558e+02 1.701304802753215688e-153 1.701304802753215688e-153
2.300000000000000000e+01 7.800000000000000000e+01 5.785599999999999632e-01 2.335978074686609034e+02 8.456458074686606778e+02 8.651989363918673713e-140 8.651989363918673713e-140
2.300000000000000000e+01 7.900000000000000000e+01 2.466629999999999878e+00 2.575938074686609980e+02 8.836218074686603359e+02 7.968884795679387326e-143 7.968884795679387326e-143
2.300000000000000000e+01 8.000000000000000000e+01 2.435500000000000220e+00 2.366538074686604887e+02 8.712158074686603868e+02 1.117539787329029463e-144 1.117539787329029463e-144
2.300000000000000000e+01 9.000000000000000000e+00 1.491300000000000125e-01 2.390598074686604377e+02 8.166678074686606124e+02 2.604155751123239372e-132 2.604155751123239372e-132
2.300000000000000000e+01 8.100000000000000000e+01 1.026810000000000000e+00 2.430818074686603723e+02 8.278098074686604377e+02 7.405912893463333925e-134 7.405912893463333925e-134
2.300000000000000000e+01 8.200000000000000000e+01 5.421300000000000008e-01 2.087778074686602849e+02 8.648778074686606487e+02 2.351503981828104881e-149 2.351503981828104881e-149
2.300000000000000000e+01 8.300000000000000000e+01 1.858799999999999897e-01 2.123418074686605905e+02 8.024898074686607288e+02 4.927657947406030848e-135 4.927657947406030848e-135
2.300000000000000000e+01 8.400000000000000000e+01 1.509880000000000111e+00 2.302558074686603504e+02 9.095058074686603504e+02 2.209973624152996874e-154 2.209973624152996874e-154
2.300000000000000000e+01 8.500000000000000000e+01 3.487500000000000044e-01 2.472018074686602631e+02 8.719878074686603213e+02 1.482840440159621417e-142 1.482840440159621417e-142
2.300000000000000000e+01 8.600000000000000000e+01 1.332629999999999981e+00 2.367078074686605760e+02 9.013958074686606778e+02 3.209853513586304124e-151 3.209853513586304124e-151
2.300000000000000000e+01 8.700000000000000000e+01 2.300000000000000100e-01 2.407938074686608161e+02 8.246978074686603577e+02 1.118170231900492442e-133 1.118170231900492442e-133
2.300000000000000000e+01 8.800000000000000000e+01 1.445189999999999975e+00 2.316798074686603286e+02 7.894738074686601976e+02 5.226637588641057950e-128 5.226637588641057950e-128
2.300000000000000000e+01 8.900000000000000000e+01 1.201189999999999980e+00 1.975898074686601831e+02 8.581318074686605542e+02 2.551394847676458543e-150 2.551394847676458543e-150
2.300000000000000000e+01 9.000000000000000000e+01 1.487559999999999993e+00 2.422038074686606706e+02 8.960638074686603431e+02 7.207016862768589776e-149 7.207016862768589776e-149
2.300000000000000000e+01 1.000000000000000000e+01 2.499130000000000074e+00 2.172858074686610053e+02 8.705338074686605978e+02 9.787001382632436922e-149 9.787001382632436922e-149
2.300000000000000000e+01 9.100000000000000000e+01 1.054629999999999956e+00 2.216938074686604523e+02 8.198378074686606851e+02 9.043389056575431534e-137 9.043389056575431534e-137
2.300000000000000000e+01 9.200000000000000000e+01 3.805000000000000049e-01 2.489078074686603941e+02 7.748498074686604014e+02 4.313167322702719874e-121 4.313167322702719874e-121
2.300000000000000000e+01 9.300000000000000000e+01 2.194440000000000168e+00 2.640098074686602558e+02 8.966658074686602049e+02 2.898315339398184732e-144 2.898315339398184732e-144
2.300000000000000000e+01 9.400000000000000000e+01 1.530880000000000019e+00 2.452258074686606051e+02 8.686598074686608015e+02 2.915261326756786893e-142 2.915261326756786893e-142
2.300000000000000000e+01 9.500000000000000000e+01 1.643129999999999979e+00 2.182498074686609471e+02 8.380918074686605905e+02 1.756589898283986173e-141 1.756589898283986173e-141
2.300000000000000000e+01 9.600000000000000000e+01 2.478499999999999925e+00 2.448558074686607142e+02 8.678298074686608743e+02 3.669147934803181604e-142 3.669147934803181604e-142
2.300000000000000000e+01 9.700000000000000000e+01 8.213099999999999845e-01 2.588118074686608452e+02 9.849618074686604814e+02 1.446043940110693873e-164 1.446043940110693873e-164
2.300000000000000000e+01 9.800000000000000000e+01 2.231250000000000178e+00 2.666498074686605833e+02 8.713658074686609325e+02 3.382513569664470431e-138 3.382513569664470431e-138
2.300000000000000000e+01 9.900000000000000000e+01 1.291500000000000092e+00 2.277898074686609107e+02 8.065578074686609398e+02 1.458062551335905313e-132 1.458062551335905313e-132
